,date,stock,sent,score
0,2024-06-15 04:51:25,NVDA,NEGATIVE,0.9749427437782288
1,2024-06-15 04:51:25,NVDA,POSITIVE,0.9854147434234619
2,2024-06-15 04:51:25,NVDA,POSITIVE,0.854123055934906
3,2024-06-15 04:51:25,NVDA,NEGATIVE,0.9990925788879395
4,2024-06-15 04:51:25,NVDA,NEGATIVE,0.9996709823608398
5,2024-06-15 04:51:25,NVDA,NEGATIVE,0.9991574287414551
6,2024-06-15 04:51:25,NVDA,NEGATIVE,0.9996981620788574
7,2024-06-15 04:51:25,NVDA,NEGATIVE,0.997103750705719
8,2024-06-15 04:51:25,NVDA,NEGATIVE,0.9995643496513367
9,2024-06-15 04:51:25,NVDA,NEGATIVE,0.9542246460914612
10,2024-06-15 04:51:25,NVDA,NEGATIVE,0.7444202303886414
11,2024-06-15 04:51:25,NVDA,NEGATIVE,0.9942262768745422
12,2024-06-15 04:51:25,NVDA,NEGATIVE,0.9819489121437073
13,2024-06-15 04:51:25,NVDA,POSITIVE,0.9997958540916443
14,2024-06-15 04:51:25,NVDA,POSITIVE,0.993708610534668
15,2024-06-15 04:51:25,NVDA,NEGATIVE,0.9988564252853394
16,2024-06-15 04:51:25,NVDA,NEGATIVE,0.9989504814147949
17,2024-06-15 04:51:25,NVDA,POSITIVE,0.999876856803894
18,2024-06-15 04:51:25,NVDA,NEGATIVE,0.9900826811790466
19,2024-06-15 04:51:25,NVDA,NEGATIVE,0.9963608384132385
20,2024-06-15 04:51:25,NVDA,NEGATIVE,0.9752078056335449
21,2024-06-15 04:51:25,NVDA,NEGATIVE,0.9711177945137024
22,2024-06-15 04:51:25,NVDA,POSITIVE,0.9888253808021545
23,2024-06-15 04:51:25,NVDA,NEGATIVE,0.9248962998390198
24,2024-06-15 04:51:25,NVDA,NEGATIVE,0.998867392539978
25,2024-06-15 04:51:25,NVDA,POSITIVE,0.9763680696487427
26,2024-06-15 04:51:25,NVDA,NEGATIVE,0.977233350276947
27,2024-06-15 04:51:25,NVDA,NEGATIVE,0.999057948589325
28,2024-06-15 04:51:25,NVDA,NEGATIVE,0.9727994203567505
29,2024-06-15 04:51:25,NVDA,NEGATIVE,0.9962292313575745
30,2024-06-15 04:51:25,NVDA,NEGATIVE,0.9996377229690552
31,2024-06-15 04:51:25,NVDA,NEGATIVE,0.99935382604599
32,2024-06-15 04:51:25,NVDA,NEGATIVE,0.998744010925293
33,2024-06-15 04:51:25,NVDA,POSITIVE,0.9970335960388184
34,2024-06-15 04:51:25,NVDA,NEGATIVE,0.9978845715522766
35,2024-06-15 04:51:25,NVDA,NEGATIVE,0.9623773097991943
36,2024-06-15 04:51:25,NVDA,NEGATIVE,0.9995505213737488
37,2024-06-15 04:51:25,NVDA,NEGATIVE,0.9988172054290771
38,2024-06-15 04:51:25,NVDA,NEGATIVE,0.9995824694633484
39,2024-06-15 04:51:25,NVDA,NEGATIVE,0.9962663054466248
40,2024-06-15 04:51:25,NVDA,NEGATIVE,0.8884186744689941
41,2024-06-15 04:51:25,NVDA,POSITIVE,0.9925341606140137
42,2024-06-15 04:51:25,NVDA,NEGATIVE,0.9438177943229675
43,2024-06-15 04:51:25,NVDA,NEGATIVE,0.97198086977005
44,2024-06-15 04:51:25,NVDA,NEGATIVE,0.9954113364219666
45,2024-06-15 04:51:25,NVDA,POSITIVE,0.9997065663337708
46,2024-06-15 04:51:25,NVDA,NEGATIVE,0.9982806444168091
47,2024-06-15 04:51:25,NVDA,NEGATIVE,0.9992392063140869
48,2024-06-15 04:51:25,NVDA,NEGATIVE,0.7994198799133301
49,2024-06-15 04:51:25,NVDA,NEGATIVE,0.9991388320922852
50,2024-06-15 04:51:25,NVDA,NEGATIVE,0.9923384189605713
51,2024-06-15 04:51:25,NVDA,NEGATIVE,0.962080180644989
52,2024-06-15 04:51:25,NVDA,NEGATIVE,0.9632821679115295
53,2024-06-15 04:51:25,NVDA,POSITIVE,0.9983258843421936
54,2024-06-15 04:51:25,NVDA,NEGATIVE,0.9955542683601379
55,2024-06-15 04:51:25,NVDA,POSITIVE,0.9998537302017212
56,2024-06-15 04:51:25,NVDA,NEGATIVE,0.9918368458747864
57,2024-06-15 04:51:25,NVDA,NEGATIVE,0.9996008276939392
58,2024-06-15 04:51:25,NVDA,NEGATIVE,0.9984468817710876
59,2024-06-15 04:51:25,NVDA,NEGATIVE,0.9997209906578064
60,2024-06-15 04:51:25,NVDA,NEGATIVE,0.9429672956466675
61,2024-06-15 04:51:25,NVDA,POSITIVE,0.8228182196617126
62,2024-06-15 04:51:25,NVDA,NEGATIVE,0.7323029637336731
63,2024-06-15 04:51:25,NVDA,NEGATIVE,0.9811269640922546
64,2024-06-15 04:51:25,NVDA,NEGATIVE,0.9977534413337708
65,2024-06-15 04:51:25,NVDA,NEGATIVE,0.9909781217575073
66,2024-06-15 04:51:25,NVDA,NEGATIVE,0.9996664524078369
67,2024-06-15 04:51:25,NVDA,NEGATIVE,0.9557198286056519
68,2024-06-15 04:51:25,NVDA,NEGATIVE,0.9984748959541321
69,2024-06-15 04:51:25,NVDA,POSITIVE,0.9804620742797852
70,2024-06-15 04:51:25,NVDA,POSITIVE,0.9953306913375854
71,2024-06-15 04:51:25,NVDA,POSITIVE,0.9986646175384521
72,2024-06-15 04:51:25,NVDA,NEGATIVE,0.9893396496772766
73,2024-06-15 04:51:25,NVDA,POSITIVE,0.998629093170166
74,2024-06-15 04:51:25,NVDA,POSITIVE,0.9982969164848328
75,2024-06-15 04:51:25,NVDA,NEGATIVE,0.9997244477272034
76,2024-06-15 04:51:25,NVDA,NEGATIVE,0.9865937232971191
77,2024-06-15 04:51:25,NVDA,POSITIVE,0.5121870040893555
78,2024-06-15 04:51:25,NVDA,POSITIVE,0.6544402837753296
79,2024-06-15 04:51:25,NVDA,NEGATIVE,0.9558904767036438
80,2024-06-15 04:51:25,NVDA,POSITIVE,0.9997069239616394
81,2024-06-15 04:51:25,NVDA,NEGATIVE,0.9994589686393738
82,2024-06-15 04:51:25,NVDA,POSITIVE,0.7352240085601807
83,2024-06-15 04:51:25,NVDA,NEGATIVE,0.8890269994735718
84,2024-06-15 04:51:25,NVDA,POSITIVE,0.9997766613960266
85,2024-06-15 04:51:25,NVDA,NEGATIVE,0.9994794726371765
86,2024-06-15 04:51:25,NVDA,POSITIVE,0.9869921207427979
87,2024-06-15 04:51:25,NVDA,POSITIVE,0.99912029504776
88,2024-06-15 04:51:25,NVDA,NEGATIVE,0.9874995350837708
89,2024-06-15 04:51:25,NVDA,NEGATIVE,0.9945861101150513
90,2024-06-15 04:51:25,NVDA,NEGATIVE,0.9670019149780273
91,2024-06-15 04:51:25,NVDA,POSITIVE,0.9238685369491577
92,2024-06-15 04:51:25,NVDA,POSITIVE,0.9997851252555847
93,2024-06-15 04:51:25,NVDA,POSITIVE,0.9995566010475159
94,2024-06-15 04:51:25,NVDA,NEGATIVE,0.9854314923286438
95,2024-06-15 04:51:25,NVDA,NEGATIVE,0.9962490200996399
96,2024-06-15 04:51:25,NVDA,NEGATIVE,0.9744442105293274
97,2024-06-15 04:51:25,NVDA,NEGATIVE,0.615980327129364
98,2024-06-15 04:51:25,NVDA,POSITIVE,0.9990973472595215
99,2024-06-15 04:51:25,NVDA,POSITIVE,0.9990369081497192
100,2024-06-15 04:51:25,NVDA,POSITIVE,0.9997333884239197
101,2024-06-15 04:51:25,NVDA,POSITIVE,0.9563766121864319
102,2024-06-15 04:51:25,NVDA,NEGATIVE,0.9770824909210205
103,2024-06-15 04:51:25,NVDA,NEGATIVE,0.9996625185012817
104,2024-06-15 04:51:25,NVDA,NEGATIVE,0.9987829327583313
105,2024-06-15 04:51:25,NVDA,NEGATIVE,0.994765043258667
106,2024-06-15 04:51:25,NVDA,NEGATIVE,0.9783586859703064
107,2024-06-15 04:51:25,NVDA,POSITIVE,0.9797973036766052
108,2024-06-15 04:51:25,NVDA,POSITIVE,0.9005276560783386
109,2024-06-15 04:51:25,NVDA,NEGATIVE,0.9994662404060364
110,2024-06-15 04:51:25,NVDA,POSITIVE,0.995161235332489
111,2024-06-15 04:51:25,NVDA,POSITIVE,0.9943110942840576
112,2024-06-15 04:51:25,NVDA,POSITIVE,0.9993112087249756
113,2024-06-15 04:51:25,NVDA,NEGATIVE,0.9979065656661987
114,2024-06-15 04:51:25,NVDA,NEGATIVE,0.9993865489959717
115,2024-06-15 04:51:25,NVDA,POSITIVE,0.9568451642990112
116,2024-06-15 04:51:25,NVDA,POSITIVE,0.7808440923690796
117,2024-06-15 04:51:25,NVDA,NEGATIVE,0.9968332648277283
118,2024-06-15 04:51:25,NVDA,POSITIVE,0.6943033337593079
119,2024-06-15 04:51:25,NVDA,NEGATIVE,0.9957851767539978
120,2024-06-15 04:51:25,NVDA,POSITIVE,0.9527056813240051
121,2024-06-15 04:51:25,NVDA,POSITIVE,0.9950123429298401
122,2024-06-15 04:51:25,NVDA,NEGATIVE,0.8835157155990601
123,2024-06-15 04:51:25,NVDA,POSITIVE,0.9515035152435303
124,2024-06-15 04:51:25,NVDA,NEGATIVE,0.814769446849823
125,2024-06-15 04:51:25,NVDA,NEGATIVE,0.9996185302734375
126,2024-06-15 04:51:25,NVDA,NEGATIVE,0.99720299243927
127,2024-06-15 04:51:25,NVDA,NEGATIVE,0.9974135756492615
128,2024-06-15 04:51:25,NVDA,NEGATIVE,0.9964459538459778
129,2024-06-15 04:51:25,NVDA,NEGATIVE,0.9994906187057495
130,2024-06-15 04:51:25,NVDA,NEGATIVE,0.9917470216751099
131,2024-06-15 04:51:25,NVDA,POSITIVE,0.5213180780410767
132,2024-06-15 04:51:25,NVDA,NEGATIVE,0.9743480682373047
133,2024-06-15 04:51:25,NVDA,POSITIVE,0.9994879961013794
134,2024-06-15 04:51:25,NVDA,NEGATIVE,0.9996618032455444
135,2024-06-15 04:51:25,NVDA,NEGATIVE,0.9644122123718262
136,2024-06-15 04:51:25,NVDA,NEGATIVE,0.982796311378479
137,2024-06-15 04:51:25,NVDA,NEGATIVE,0.9571366906166077
138,2024-06-15 04:51:25,NVDA,NEGATIVE,0.9957335591316223
139,2024-06-15 04:51:25,NVDA,NEGATIVE,0.9857045412063599
140,2024-06-15 04:51:25,NVDA,POSITIVE,0.9875920414924622
141,2024-06-15 04:51:25,NVDA,NEGATIVE,0.9851680994033813
142,2024-06-15 04:51:25,NVDA,NEGATIVE,0.9834871292114258
143,2024-06-15 04:51:25,NVDA,NEGATIVE,0.9975060820579529
144,2024-06-15 04:51:25,NVDA,POSITIVE,0.9885541796684265
145,2024-06-15 04:51:25,NVDA,NEGATIVE,0.9970756769180298
146,2024-06-15 04:51:25,NVDA,NEGATIVE,0.9922043085098267
147,2024-06-15 04:51:25,NVDA,NEGATIVE,0.9673396348953247
148,2024-06-15 04:51:25,NVDA,NEGATIVE,0.9843705296516418
149,2024-06-15 04:51:25,NVDA,POSITIVE,0.9976438879966736
150,2024-06-15 04:51:25,NVDA,NEGATIVE,0.9583628177642822
151,2024-06-15 04:51:25,NVDA,NEGATIVE,0.9977661371231079
152,2024-06-15 04:51:25,NVDA,POSITIVE,0.8603542447090149
153,2024-06-15 04:51:25,NVDA,NEGATIVE,0.9989612102508545
154,2024-06-15 04:51:25,NVDA,NEGATIVE,0.9970560073852539
155,2024-06-15 04:51:25,NVDA,NEGATIVE,0.9950751662254333
156,2024-06-15 04:51:25,NVDA,POSITIVE,0.972947359085083
157,2024-06-15 04:51:25,NVDA,NEGATIVE,0.999224066734314
158,2024-06-15 04:51:25,NVDA,POSITIVE,0.9571024775505066
159,2024-06-15 04:51:25,NVDA,POSITIVE,0.6235882043838501
160,2024-06-15 04:51:25,NVDA,POSITIVE,0.9941859245300293
161,2024-06-15 04:51:25,NVDA,NEGATIVE,0.9993622899055481
162,2024-06-15 04:51:25,NVDA,POSITIVE,0.6481277346611023
163,2024-06-15 04:51:25,NVDA,NEGATIVE,0.9850797057151794
164,2024-06-15 04:51:25,NVDA,NEGATIVE,0.9887511134147644
165,2024-06-15 04:51:25,NVDA,NEGATIVE,0.9946017265319824
166,2024-06-15 04:51:25,NVDA,NEGATIVE,0.9994269609451294
167,2024-06-15 04:51:25,NVDA,NEGATIVE,0.9945489764213562
168,2024-06-15 04:51:25,NVDA,POSITIVE,0.9890572428703308
169,2024-06-15 04:51:25,NVDA,NEGATIVE,0.9957743287086487
170,2024-06-15 04:51:25,NVDA,NEGATIVE,0.6970565319061279
171,2024-06-15 04:51:25,NVDA,NEGATIVE,0.9993550181388855
172,2024-06-15 04:51:25,NVDA,POSITIVE,0.5266650319099426
173,2024-06-15 04:51:25,NVDA,POSITIVE,0.9956300258636475
174,2024-06-15 04:51:25,NVDA,POSITIVE,0.8927429914474487
175,2024-06-15 04:51:25,NVDA,NEGATIVE,0.9454737305641174
176,2024-06-15 04:51:25,NVDA,NEGATIVE,0.9972285628318787
177,2024-06-15 04:51:25,NVDA,POSITIVE,0.9989728927612305
178,2024-06-15 04:51:25,NVDA,NEGATIVE,0.9956732392311096
179,2024-06-15 04:51:25,NVDA,POSITIVE,0.9909783601760864
180,2024-06-15 04:51:25,NVDA,NEGATIVE,0.9993778467178345
181,2024-06-15 04:51:25,NVDA,POSITIVE,0.9998694658279419
182,2024-06-15 04:51:25,NVDA,NEGATIVE,0.9987591505050659
183,2024-06-15 04:51:25,NVDA,POSITIVE,0.999717652797699
184,2024-06-15 04:51:25,NVDA,NEGATIVE,0.9991256594657898
185,2024-06-15 04:51:25,NVDA,NEGATIVE,0.9965692758560181
186,2024-06-15 04:51:25,NVDA,NEGATIVE,0.9741827845573425
187,2024-06-15 04:51:25,NVDA,NEGATIVE,0.9980670809745789
188,2024-06-15 04:51:25,NVDA,NEGATIVE,0.9756362438201904
189,2024-06-15 04:51:25,NVDA,NEGATIVE,0.9933105707168579
190,2024-06-15 04:51:25,NVDA,NEGATIVE,0.999494194984436
191,2024-06-15 04:51:25,NVDA,NEGATIVE,0.9996022582054138
192,2024-06-15 04:51:25,NVDA,NEGATIVE,0.9997377991676331
193,2024-06-15 04:51:25,NVDA,NEGATIVE,0.9988829493522644
194,2024-06-15 04:51:25,NVDA,NEGATIVE,0.9996353387832642
195,2024-06-15 04:51:25,NVDA,NEGATIVE,0.9864343404769897
196,2024-06-15 04:51:25,NVDA,NEGATIVE,0.9980186223983765
197,2024-06-15 04:51:25,NVDA,NEGATIVE,0.9986748695373535
198,2024-06-15 04:51:25,NVDA,NEGATIVE,0.9790542125701904
199,2024-06-15 04:51:25,NVDA,NEGATIVE,0.9847800731658936
200,2024-06-15 04:51:25,NVDA,NEGATIVE,0.9968602657318115
201,2024-06-15 04:51:25,NVDA,NEGATIVE,0.9384891986846924
202,2024-06-15 04:51:25,NVDA,NEGATIVE,0.9791281819343567
203,2024-06-15 04:51:25,NVDA,NEGATIVE,0.9524576663970947
204,2024-06-15 04:51:25,NVDA,NEGATIVE,0.9948269724845886
205,2024-06-15 04:51:25,NVDA,POSITIVE,0.8109204769134521
206,2024-06-15 04:51:25,NVDA,NEGATIVE,0.9993587136268616
207,2024-06-15 04:51:25,NVDA,POSITIVE,0.5031331181526184
208,2024-06-15 04:51:25,NVDA,NEGATIVE,0.9785243272781372
209,2024-06-15 04:51:25,NVDA,NEGATIVE,0.9850739240646362
210,2024-06-15 04:51:25,NVDA,NEGATIVE,0.9964229464530945
211,2024-06-15 04:51:25,NVDA,POSITIVE,0.6743530631065369
212,2024-06-15 04:51:25,NVDA,POSITIVE,0.9996429681777954
213,2024-06-15 04:51:25,NVDA,NEGATIVE,0.9997732043266296
214,2024-06-15 04:51:25,NVDA,NEGATIVE,0.9993889331817627
215,2024-06-15 04:51:25,NVDA,NEGATIVE,0.9949722290039062
216,2024-06-15 04:51:25,NVDA,NEGATIVE,0.9992515444755554
217,2024-06-15 04:51:25,NVDA,NEGATIVE,0.9985892176628113
218,2024-06-15 04:51:25,NVDA,NEGATIVE,0.9754132032394409
219,2024-06-15 04:51:25,NVDA,NEGATIVE,0.9954505562782288
220,2024-06-15 04:51:25,NVDA,NEGATIVE,0.999417781829834
221,2024-06-15 04:51:25,NVDA,NEGATIVE,0.9996076226234436
222,2024-06-15 04:51:25,NVDA,NEGATIVE,0.9994242191314697
223,2024-06-15 04:51:25,NVDA,NEGATIVE,0.9385694265365601
224,2024-06-15 04:51:25,NVDA,NEGATIVE,0.9988062381744385
225,2024-06-15 04:51:25,NVDA,POSITIVE,0.9968848824501038
226,2024-06-15 04:51:25,NVDA,NEGATIVE,0.9966629147529602
227,2024-06-15 04:51:25,NVDA,POSITIVE,0.974112868309021
228,2024-06-15 04:51:25,NVDA,NEGATIVE,0.978408932685852
229,2024-06-15 04:51:25,NVDA,POSITIVE,0.9991347193717957
230,2024-06-15 04:51:25,NVDA,POSITIVE,0.999698281288147
231,2024-06-15 04:51:25,NVDA,POSITIVE,0.9317119717597961
232,2024-06-15 04:51:25,NVDA,NEGATIVE,0.9912208914756775
233,2024-06-15 04:51:25,NVDA,POSITIVE,0.9963433146476746
234,2024-06-15 04:51:25,NVDA,POSITIVE,0.986164927482605
235,2024-06-15 04:51:25,NVDA,NEGATIVE,0.7449774146080017
236,2024-06-15 04:51:25,NVDA,NEGATIVE,0.9829797744750977
237,2024-06-15 04:51:25,NVDA,POSITIVE,0.8077507615089417
238,2024-06-15 04:51:25,NVDA,POSITIVE,0.9995090961456299
239,2024-06-15 04:51:25,NVDA,POSITIVE,0.6314986348152161
240,2024-06-15 04:51:25,NVDA,POSITIVE,0.9754720330238342
241,2024-06-15 04:51:25,NVDA,NEGATIVE,0.9953480362892151
242,2024-06-15 04:51:25,NVDA,POSITIVE,0.8968300819396973
243,2024-06-15 04:51:25,NVDA,NEGATIVE,0.9600663185119629
244,2024-06-15 04:51:25,NVDA,NEGATIVE,0.9379868507385254
245,2024-06-15 04:51:25,NVDA,NEGATIVE,0.9996045231819153
246,2024-06-15 04:51:25,NVDA,NEGATIVE,0.9786384701728821
247,2024-06-15 04:51:25,NVDA,NEGATIVE,0.9947229623794556
248,2024-06-15 04:51:25,NVDA,POSITIVE,0.9875946044921875
249,2024-06-15 04:51:25,NVDA,NEGATIVE,0.9993798732757568
250,2024-06-15 04:51:25,NVDA,POSITIVE,0.9483088254928589
251,2024-06-15 04:51:25,NVDA,POSITIVE,0.9997805953025818
252,2024-06-15 04:51:25,NVDA,POSITIVE,0.9694646596908569
253,2024-06-15 04:51:25,NVDA,NEGATIVE,0.9998231530189514
254,2024-06-15 04:51:25,NVDA,POSITIVE,0.9837821125984192
255,2024-06-15 04:51:25,NVDA,NEGATIVE,0.9994669556617737
256,2024-06-15 04:51:25,NVDA,NEGATIVE,0.996383547782898
257,2024-06-15 04:51:25,NVDA,POSITIVE,0.999636173248291
258,2024-06-15 04:51:25,NVDA,NEGATIVE,0.9839440584182739
259,2024-06-15 04:51:25,NVDA,POSITIVE,0.9602402448654175
260,2024-06-15 04:51:25,NVDA,POSITIVE,0.5192479491233826
261,2024-06-15 04:51:25,NVDA,NEGATIVE,0.9879727363586426
262,2024-06-15 04:51:25,NVDA,NEGATIVE,0.9992691874504089
263,2024-06-15 04:51:25,NVDA,NEGATIVE,0.9264844655990601
264,2024-06-15 04:51:25,NVDA,POSITIVE,0.9988871216773987
265,2024-06-15 04:51:25,NVDA,NEGATIVE,0.9990628361701965
266,2024-06-15 04:51:25,NVDA,POSITIVE,0.9968219995498657
267,2024-06-15 04:51:25,NVDA,POSITIVE,0.9843819737434387
268,2024-06-15 04:51:25,NVDA,POSITIVE,0.9991833567619324
269,2024-06-15 04:51:25,NVDA,POSITIVE,0.9207028150558472
270,2024-06-15 04:51:25,NVDA,NEGATIVE,0.9997588992118835
271,2024-06-15 04:51:25,NVDA,NEGATIVE,0.9982001781463623
272,2024-06-15 04:51:25,NVDA,POSITIVE,0.9998465776443481
273,2024-06-15 04:51:25,NVDA,NEGATIVE,0.9797914624214172
274,2024-06-15 04:51:25,NVDA,NEGATIVE,0.9943437576293945
275,2024-06-15 04:51:25,NVDA,NEGATIVE,0.9970880150794983
276,2024-06-15 04:51:25,NVDA,NEGATIVE,0.9992266893386841
277,2024-06-15 04:51:25,NVDA,NEGATIVE,0.9981632828712463
278,2024-06-15 04:51:25,NVDA,NEGATIVE,0.9976661205291748
279,2024-06-15 04:51:25,NVDA,POSITIVE,0.8583937287330627
280,2024-06-15 04:51:25,NVDA,POSITIVE,0.989463210105896
281,2024-06-15 04:51:25,NVDA,NEGATIVE,0.9989827275276184
282,2024-06-15 04:51:25,NVDA,NEGATIVE,0.979312539100647
283,2024-06-15 04:51:25,NVDA,NEGATIVE,0.9658026099205017
284,2024-06-15 04:51:25,NVDA,NEGATIVE,0.9981492757797241
285,2024-06-15 04:51:25,NVDA,NEGATIVE,0.9683115482330322
286,2024-06-15 04:51:25,NVDA,NEGATIVE,0.9711809158325195
287,2024-06-15 04:51:25,NVDA,POSITIVE,0.9935855269432068
288,2024-06-15 04:51:25,NVDA,NEGATIVE,0.9956291913986206
289,2024-06-15 04:51:25,NVDA,POSITIVE,0.9936415553092957
290,2024-06-15 04:51:25,NVDA,POSITIVE,0.9972125887870789
291,2024-06-15 04:51:25,NVDA,NEGATIVE,0.9995915293693542
292,2024-06-15 04:51:25,NVDA,POSITIVE,0.6349078416824341
293,2024-06-15 04:51:25,NVDA,POSITIVE,0.9995027780532837
294,2024-06-15 04:51:25,NVDA,POSITIVE,0.9949313998222351
295,2024-06-15 04:51:25,NVDA,NEGATIVE,0.984769344329834
296,2024-06-15 04:51:25,NVDA,POSITIVE,0.9997945427894592
297,2024-06-15 04:51:25,NVDA,POSITIVE,0.5003001093864441
298,2024-06-15 04:51:25,NVDA,NEGATIVE,0.9778324961662292
299,2024-06-15 04:51:25,NVDA,POSITIVE,0.9524902105331421
300,2024-06-15 04:51:25,NVDA,NEGATIVE,0.9631304144859314
301,2024-06-15 04:51:25,NVDA,POSITIVE,0.9989147186279297
302,2024-06-15 04:51:25,NVDA,NEGATIVE,0.9874476790428162
303,2024-06-15 04:51:25,NVDA,NEGATIVE,0.9924984574317932
304,2024-06-15 04:51:25,NVDA,POSITIVE,0.9998676776885986
305,2024-06-15 04:51:25,NVDA,NEGATIVE,0.9985652565956116
306,2024-06-15 04:51:25,NVDA,NEGATIVE,0.9447046518325806
307,2024-06-15 04:51:25,NVDA,NEGATIVE,0.994885265827179
308,2024-06-15 04:51:25,NVDA,POSITIVE,0.9547597765922546
309,2024-06-15 04:51:25,NVDA,NEGATIVE,0.6970565319061279
310,2024-06-15 04:51:25,NVDA,NEGATIVE,0.9323700666427612
311,2024-06-15 04:51:25,NVDA,NEGATIVE,0.9442605972290039
312,2024-06-15 04:51:25,NVDA,POSITIVE,0.9969321489334106
313,2024-06-15 04:51:25,NVDA,POSITIVE,0.9998472929000854
314,2024-06-15 04:51:25,NVDA,NEGATIVE,0.9994307160377502
315,2024-06-15 04:51:25,NVDA,POSITIVE,0.9995744824409485
317,2024-06-15 04:51:25,NVDA,NEGATIVE,0.9707217216491699
318,2024-06-15 04:51:25,NVDA,NEGATIVE,0.9925138354301453
319,2024-06-15 04:51:25,NVDA,NEGATIVE,0.9702815413475037
320,2024-06-15 04:51:25,NVDA,NEGATIVE,0.7579357624053955
321,2024-06-15 04:51:25,NVDA,NEGATIVE,0.9995311498641968
322,2024-06-15 04:51:25,NVDA,NEGATIVE,0.9992403984069824
323,2024-06-15 04:51:25,NVDA,NEGATIVE,0.9994736313819885
324,2024-06-15 04:51:25,NVDA,NEGATIVE,0.9974120259284973
325,2024-06-15 04:51:25,NVDA,NEGATIVE,0.7216984033584595
326,2024-06-15 04:51:25,NVDA,NEGATIVE,0.9893250465393066
327,2024-06-15 04:51:25,NVDA,NEGATIVE,0.9982489347457886
328,2024-06-15 04:51:25,NVDA,NEGATIVE,0.9987308382987976
329,2024-06-15 04:51:25,NVDA,NEGATIVE,0.9984859824180603
330,2024-06-15 04:51:25,NVDA,NEGATIVE,0.9929735660552979
331,2024-06-15 04:51:25,NVDA,NEGATIVE,0.9903631806373596
332,2024-06-15 04:51:25,NVDA,POSITIVE,0.9669430255889893
333,2024-06-15 04:51:25,NVDA,POSITIVE,0.9907925128936768
334,2024-06-15 04:51:25,NVDA,POSITIVE,0.9662752151489258
335,2024-06-15 04:51:25,NVDA,NEGATIVE,0.9667774438858032
336,2024-06-15 04:51:25,NVDA,NEGATIVE,0.9994696974754333
337,2024-06-15 04:51:25,NVDA,POSITIVE,0.9824950695037842
338,2024-06-15 04:51:25,NVDA,NEGATIVE,0.9996354579925537
339,2024-06-15 04:51:25,NVDA,POSITIVE,0.965390682220459
340,2024-06-15 04:51:25,NVDA,NEGATIVE,0.9925569295883179
341,2024-06-15 04:51:25,NVDA,NEGATIVE,0.9986271858215332
342,2024-06-15 04:51:25,NVDA,NEGATIVE,0.9995290040969849
343,2024-06-15 04:51:25,NVDA,POSITIVE,0.9950346946716309
344,2024-06-15 04:51:25,NVDA,NEGATIVE,0.9827446341514587
345,2024-06-15 04:51:25,NVDA,POSITIVE,0.9913641214370728
346,2024-06-15 04:51:25,NVDA,NEGATIVE,0.9991349577903748
347,2024-06-15 04:51:25,NVDA,NEGATIVE,0.9989228844642639
348,2024-06-15 04:51:25,NVDA,NEGATIVE,0.9958059787750244
349,2024-06-15 04:51:25,NVDA,NEGATIVE,0.999553382396698
350,2024-06-15 04:51:25,NVDA,POSITIVE,0.9984176158905029
351,2024-06-15 04:51:25,NVDA,POSITIVE,0.9794175028800964
352,2024-06-15 04:51:25,NVDA,NEGATIVE,0.999154806137085
353,2024-06-15 04:51:25,NVDA,POSITIVE,0.7215589880943298
354,2024-06-15 04:51:25,NVDA,POSITIVE,0.8681182265281677
355,2024-06-15 04:51:25,NVDA,NEGATIVE,0.9979583024978638
356,2024-06-15 04:51:25,NVDA,NEGATIVE,0.9958364963531494
357,2024-06-15 04:51:25,NVDA,POSITIVE,0.9998250603675842
358,2024-06-15 04:51:25,NVDA,POSITIVE,0.9998227953910828
359,2024-06-15 04:51:25,NVDA,POSITIVE,0.9984769225120544
360,2024-06-15 04:51:25,NVDA,NEGATIVE,0.9899616241455078
361,2024-06-15 04:51:25,NVDA,NEGATIVE,0.9993669390678406
362,2024-06-15 04:51:25,NVDA,NEGATIVE,0.9438177943229675
363,2024-06-15 04:51:25,NVDA,NEGATIVE,0.8937299251556396
364,2024-06-15 04:51:25,NVDA,POSITIVE,0.9926261305809021
365,2024-06-15 04:51:25,NVDA,NEGATIVE,0.9979850053787231
366,2024-06-15 04:51:25,NVDA,POSITIVE,0.5915986895561218
367,2024-06-15 04:51:25,NVDA,POSITIVE,0.940492570400238
368,2024-06-15 04:51:25,NVDA,POSITIVE,0.9822048544883728
369,2024-06-15 04:51:25,NVDA,NEGATIVE,0.9938132762908936
370,2024-06-15 04:51:25,NVDA,NEGATIVE,0.9949270486831665
371,2024-06-15 04:51:25,NVDA,NEGATIVE,0.9518191814422607
372,2024-06-15 04:51:25,NVDA,NEGATIVE,0.9943487048149109
373,2024-06-15 04:51:25,NVDA,POSITIVE,0.9946639537811279
374,2024-06-15 04:51:25,NVDA,NEGATIVE,0.9697726368904114
375,2024-06-15 04:51:25,NVDA,NEGATIVE,0.9986261129379272
376,2024-06-15 04:51:25,NVDA,NEGATIVE,0.9836941361427307
377,2024-06-15 04:51:25,NVDA,NEGATIVE,0.9818118214607239
378,2024-06-15 04:51:25,NVDA,NEGATIVE,0.9911503791809082
379,2024-06-15 04:51:25,NVDA,NEGATIVE,0.6970565319061279
380,2024-06-15 04:51:25,NVDA,POSITIVE,0.9979769587516785
381,2024-06-15 04:51:25,NVDA,POSITIVE,0.9978728294372559
382,2024-06-15 04:51:25,NVDA,POSITIVE,0.9846333265304565
383,2024-06-15 04:51:25,NVDA,POSITIVE,0.9998749494552612
384,2024-06-15 04:51:25,NVDA,NEGATIVE,0.9968090653419495
385,2024-06-15 04:51:25,NVDA,NEGATIVE,0.999146580696106
386,2024-06-15 04:51:25,NVDA,NEGATIVE,0.9997031092643738
387,2024-06-15 04:51:25,NVDA,NEGATIVE,0.998197615146637
388,2024-06-15 04:51:25,NVDA,NEGATIVE,0.999042809009552
389,2024-06-15 04:51:25,NVDA,NEGATIVE,0.9986916184425354
390,2024-06-15 04:51:25,NVDA,NEGATIVE,0.9655764102935791
391,2024-06-15 04:51:25,NVDA,NEGATIVE,0.9965029954910278
392,2024-06-15 04:51:25,NVDA,NEGATIVE,0.9792760610580444
393,2024-06-15 04:51:25,NVDA,NEGATIVE,0.9821295142173767
394,2024-06-15 04:51:25,NVDA,NEGATIVE,0.9997816681861877
395,2024-06-15 04:51:25,NVDA,POSITIVE,0.9996500015258789
396,2024-06-15 04:51:25,NVDA,NEGATIVE,0.9993199110031128
397,2024-06-15 04:51:25,NVDA,NEGATIVE,0.9988583326339722
398,2024-06-15 04:51:25,NVDA,NEGATIVE,0.9922978281974792
399,2024-06-15 04:51:25,NVDA,POSITIVE,0.9993269443511963
400,2024-06-15 04:51:25,NVDA,POSITIVE,0.9974036812782288
401,2024-06-15 04:51:25,NVDA,NEGATIVE,0.9940339922904968
402,2024-06-15 04:51:25,NVDA,NEGATIVE,0.999672532081604
403,2024-06-15 04:51:25,NVDA,POSITIVE,0.9920137524604797
404,2024-06-15 04:51:25,NVDA,POSITIVE,0.9990045428276062
405,2024-06-15 04:51:25,NVDA,POSITIVE,0.9366185665130615
406,2024-06-15 04:51:25,NVDA,POSITIVE,0.6348621249198914
407,2024-06-15 04:51:25,NVDA,NEGATIVE,0.999416708946228
408,2024-06-15 04:51:25,NVDA,NEGATIVE,0.9947957396507263
409,2024-06-15 04:51:25,NVDA,NEGATIVE,0.9969618916511536
410,2024-06-15 04:51:25,NVDA,NEGATIVE,0.9995729327201843
411,2024-06-15 04:51:25,NVDA,NEGATIVE,0.8498207926750183
412,2024-06-15 04:51:25,NVDA,POSITIVE,0.9990339279174805
413,2024-06-15 04:51:25,NVDA,POSITIVE,0.9997134804725647
414,2024-06-15 04:51:25,NVDA,NEGATIVE,0.9934309124946594
415,2024-06-15 04:51:25,NVDA,POSITIVE,0.9998182654380798
416,2024-06-15 04:51:25,NVDA,NEGATIVE,0.6655517220497131
417,2024-06-15 04:51:25,NVDA,NEGATIVE,0.9602541327476501
418,2024-06-15 04:51:25,NVDA,NEGATIVE,0.9923045039176941
419,2024-06-15 04:51:25,NVDA,NEGATIVE,0.7010456919670105
420,2024-06-15 04:51:25,NVDA,NEGATIVE,0.9925773739814758
421,2024-06-15 04:51:25,NVDA,NEGATIVE,0.9996387958526611
422,2024-06-15 04:51:25,NVDA,POSITIVE,0.9995675683021545
423,2024-06-15 04:51:25,NVDA,POSITIVE,0.894639253616333
424,2024-06-15 04:51:25,NVDA,NEGATIVE,0.886918842792511
425,2024-06-15 04:51:25,NVDA,NEGATIVE,0.99937504529953
426,2024-06-15 04:51:25,NVDA,NEGATIVE,0.9963734745979309
427,2024-06-15 04:51:25,NVDA,POSITIVE,0.9971515536308289
428,2024-06-15 04:51:25,NVDA,NEGATIVE,0.9500144720077515
429,2024-06-15 04:51:25,NVDA,NEGATIVE,0.9510113000869751
430,2024-06-15 04:51:25,NVDA,NEGATIVE,0.9992318153381348
431,2024-06-15 04:51:25,NVDA,NEGATIVE,0.9995625615119934
432,2024-06-15 04:51:25,NVDA,NEGATIVE,0.9992627501487732
433,2024-06-15 04:51:25,NVDA,NEGATIVE,0.9868624210357666
434,2024-06-15 04:51:25,NVDA,POSITIVE,0.6549667119979858
435,2024-06-15 04:51:25,NVDA,NEGATIVE,0.9994243383407593
436,2024-06-15 04:51:25,NVDA,NEGATIVE,0.9981735944747925
437,2024-06-15 04:51:25,NVDA,NEGATIVE,0.9989365935325623
438,2024-06-15 04:51:25,NVDA,NEGATIVE,0.9811733365058899
439,2024-06-15 04:51:25,NVDA,POSITIVE,0.8659038543701172
440,2024-06-15 04:51:25,NVDA,POSITIVE,0.7411732077598572
441,2024-06-15 04:51:25,NVDA,POSITIVE,0.8859313726425171
442,2024-06-15 04:51:25,NVDA,NEGATIVE,0.9829527139663696
443,2024-06-15 04:51:25,NVDA,POSITIVE,0.9970097541809082
444,2024-06-15 04:51:25,NVDA,NEGATIVE,0.998272180557251
445,2024-06-15 04:51:25,NVDA,NEGATIVE,0.8215990662574768
446,2024-06-15 04:51:25,NVDA,POSITIVE,0.9940040707588196
447,2024-06-15 04:51:25,NVDA,POSITIVE,0.9840962886810303
448,2024-06-15 04:51:25,NVDA,NEGATIVE,0.9875279068946838
449,2024-06-15 04:51:25,NVDA,NEGATIVE,0.9988262057304382
450,2024-06-15 04:51:25,NVDA,NEGATIVE,0.9921688437461853
451,2024-06-15 04:51:25,NVDA,NEGATIVE,0.9910508394241333
452,2024-06-15 04:51:25,NVDA,POSITIVE,0.9708217978477478
453,2024-06-15 04:51:25,NVDA,NEGATIVE,0.6430085301399231
454,2024-06-15 04:51:25,NVDA,NEGATIVE,0.9917129278182983
455,2024-06-15 04:51:25,NVDA,POSITIVE,0.9979366064071655
456,2024-06-15 04:51:25,NVDA,POSITIVE,0.9013580679893494
457,2024-06-15 04:51:25,NVDA,NEGATIVE,0.865877091884613
458,2024-06-15 04:51:25,NVDA,NEGATIVE,0.9975650310516357
459,2024-06-15 04:51:25,NVDA,NEGATIVE,0.8483889698982239
460,2024-06-15 04:51:25,NVDA,NEGATIVE,0.9778261184692383
461,2024-06-15 04:51:25,NVDA,NEGATIVE,0.9933559894561768
462,2024-06-15 04:51:25,NVDA,NEGATIVE,0.9997712969779968
463,2024-06-15 04:51:25,NVDA,NEGATIVE,0.6723410487174988
464,2024-06-15 04:51:25,NVDA,NEGATIVE,0.9968767166137695
465,2024-06-15 04:51:25,NVDA,NEGATIVE,0.9993106126785278
466,2024-06-15 04:51:25,NVDA,POSITIVE,0.9980269074440002
467,2024-06-15 04:51:25,NVDA,NEGATIVE,0.9977996945381165
468,2024-06-15 04:51:25,NVDA,NEGATIVE,0.9853360056877136
469,2024-06-15 04:51:25,NVDA,NEGATIVE,0.9992465972900391
470,2024-06-15 04:51:25,NVDA,POSITIVE,0.9841734170913696
471,2024-06-15 04:51:25,NVDA,NEGATIVE,0.9984334111213684
472,2024-06-15 04:51:25,NVDA,POSITIVE,0.9978454113006592
473,2024-06-15 04:51:25,NVDA,POSITIVE,0.9947861433029175
474,2024-06-15 04:51:25,NVDA,NEGATIVE,0.9826050996780396
475,2024-06-15 04:51:25,NVDA,NEGATIVE,0.9812511205673218
476,2024-06-15 04:51:25,NVDA,NEGATIVE,0.770643413066864
477,2024-06-15 04:51:25,NVDA,NEGATIVE,0.9967165589332581
478,2024-06-15 04:51:25,NVDA,NEGATIVE,0.9965224266052246
479,2024-06-15 04:51:25,NVDA,NEGATIVE,0.945132315158844
480,2024-06-15 04:51:25,NVDA,NEGATIVE,0.6970565319061279
481,2024-06-15 04:51:25,NVDA,NEGATIVE,0.9882904291152954
482,2024-06-15 04:51:25,NVDA,NEGATIVE,0.999666690826416
483,2024-06-15 04:51:25,NVDA,NEGATIVE,0.9964686632156372
484,2024-06-15 04:51:25,NVDA,NEGATIVE,0.997605562210083
485,2024-06-15 04:51:25,NVDA,NEGATIVE,0.9934052228927612
486,2024-06-15 04:51:25,NVDA,NEGATIVE,0.9956758618354797
487,2024-06-15 04:51:25,NVDA,NEGATIVE,0.9496380686759949
488,2024-06-15 04:51:25,NVDA,NEGATIVE,0.9996167421340942
489,2024-06-15 04:51:25,NVDA,NEGATIVE,0.916063129901886
490,2024-06-15 04:51:25,NVDA,NEGATIVE,0.9788884520530701
491,2024-06-15 04:51:25,NVDA,POSITIVE,0.885250985622406
492,2024-06-15 04:51:25,NVDA,NEGATIVE,0.9844969511032104
493,2024-06-15 04:51:25,NVDA,POSITIVE,0.9936990737915039
494,2024-06-15 04:51:25,NVDA,NEGATIVE,0.9984667897224426
495,2024-06-15 04:51:25,NVDA,NEGATIVE,0.9984941482543945
496,2024-06-15 04:51:25,NVDA,NEGATIVE,0.9989088773727417
497,2024-06-15 04:51:25,NVDA,POSITIVE,0.9818391799926758
498,2024-06-15 04:51:25,NVDA,NEGATIVE,0.982010543346405
499,2024-06-15 04:51:25,NVDA,NEGATIVE,0.6644431948661804
500,2024-06-15 04:51:25,NVDA,NEGATIVE,0.9998037219047546
501,2024-06-15 04:51:25,NVDA,NEGATIVE,0.999011754989624
502,2024-06-15 04:51:25,NVDA,NEGATIVE,0.987910270690918
503,2024-06-15 04:51:25,NVDA,NEGATIVE,0.9995071887969971
504,2024-06-15 04:51:25,NVDA,POSITIVE,0.9947887659072876
506,2024-06-15 04:51:25,NVDA,NEGATIVE,0.9974709749221802
507,2024-06-15 04:51:25,NVDA,POSITIVE,0.9993695616722107
508,2024-06-15 04:51:25,NVDA,NEGATIVE,0.9987678527832031
509,2024-06-15 04:51:25,NVDA,NEGATIVE,0.9994075298309326
510,2024-06-15 04:51:25,NVDA,NEGATIVE,0.8656948208808899
511,2024-06-15 04:51:25,NVDA,POSITIVE,0.9196781516075134
512,2024-06-15 04:51:25,NVDA,NEGATIVE,0.9997504353523254
513,2024-06-15 04:51:25,NVDA,POSITIVE,0.95855313539505
514,2024-06-15 04:51:25,NVDA,POSITIVE,0.9956070780754089
515,2024-06-15 04:51:25,NVDA,NEGATIVE,0.9933395981788635
516,2024-06-15 04:51:25,NVDA,POSITIVE,0.7529606223106384
517,2024-06-15 04:51:25,NVDA,NEGATIVE,0.9997722506523132
518,2024-06-15 04:51:25,NVDA,NEGATIVE,0.9985752105712891
519,2024-06-15 04:51:25,NVDA,POSITIVE,0.9959490299224854
520,2024-06-15 04:51:25,NVDA,POSITIVE,0.8917295932769775
521,2024-06-15 04:51:25,NVDA,NEGATIVE,0.9997348189353943
522,2024-06-15 04:51:25,NVDA,NEGATIVE,0.9997524619102478
523,2024-06-15 04:51:25,NVDA,NEGATIVE,0.9986386895179749
524,2024-06-15 04:51:25,NVDA,NEGATIVE,0.9996433258056641
525,2024-06-15 04:51:25,NVDA,NEGATIVE,0.9990947246551514
526,2024-06-15 04:51:25,NVDA,NEGATIVE,0.9946789741516113
527,2024-06-15 04:51:25,NVDA,NEGATIVE,0.9965577721595764
528,2024-06-15 04:51:25,NVDA,NEGATIVE,0.9995059967041016
529,2024-06-15 04:51:25,NVDA,NEGATIVE,0.9812296628952026
530,2024-06-15 04:51:25,NVDA,NEGATIVE,0.9993044137954712
531,2024-06-15 04:51:25,NVDA,POSITIVE,0.9991496801376343
532,2024-06-15 04:51:25,NVDA,NEGATIVE,0.9994438290596008
533,2024-06-15 04:51:25,NVDA,NEGATIVE,0.9959415793418884
534,2024-06-15 04:51:25,NVDA,NEGATIVE,0.9997438788414001
535,2024-06-15 04:51:25,NVDA,NEGATIVE,0.9996738433837891
536,2024-06-15 04:51:25,NVDA,NEGATIVE,0.999505877494812
537,2024-06-15 04:51:25,NVDA,NEGATIVE,0.973076581954956
538,2024-06-15 04:51:25,NVDA,NEGATIVE,0.9995871186256409
539,2024-06-15 04:51:25,NVDA,NEGATIVE,0.8910080194473267
540,2024-06-15 04:51:25,NVDA,NEGATIVE,0.9980680346488953
541,2024-06-15 04:51:25,NVDA,NEGATIVE,0.5145963430404663
542,2024-06-15 04:51:25,NVDA,POSITIVE,0.7651301026344299
543,2024-06-15 04:51:25,NVDA,NEGATIVE,0.9995235204696655
544,2024-06-15 04:51:25,NVDA,NEGATIVE,0.999180018901825
545,2024-06-15 04:51:25,NVDA,POSITIVE,0.9979167580604553
546,2024-06-15 04:51:25,NVDA,NEGATIVE,0.9972295165061951
547,2024-06-15 04:51:25,NVDA,POSITIVE,0.6883730888366699
548,2024-06-15 04:51:25,NVDA,NEGATIVE,0.9951057434082031
549,2024-06-15 04:51:25,NVDA,NEGATIVE,0.9905808568000793
550,2024-06-15 04:51:25,NVDA,NEGATIVE,0.9982843995094299
551,2024-06-15 04:51:25,NVDA,NEGATIVE,0.9983658194541931
552,2024-06-15 04:51:25,NVDA,NEGATIVE,0.9938181042671204
553,2024-06-15 04:51:25,NVDA,POSITIVE,0.9998044371604919
554,2024-06-15 04:51:25,NVDA,NEGATIVE,0.9965594410896301
555,2024-06-15 04:51:25,NVDA,NEGATIVE,0.9992850422859192
556,2024-06-15 04:51:25,NVDA,NEGATIVE,0.9956139326095581
557,2024-06-15 04:51:25,NVDA,POSITIVE,0.9950748085975647
558,2024-06-15 04:51:25,NVDA,NEGATIVE,0.998233437538147
559,2024-06-15 04:51:25,NVDA,NEGATIVE,0.9897176027297974
560,2024-06-15 04:51:25,NVDA,NEGATIVE,0.9926322102546692
561,2024-06-15 04:51:25,NVDA,NEGATIVE,0.9676421880722046
562,2024-06-15 04:51:25,NVDA,NEGATIVE,0.9997438788414001
563,2024-06-15 04:51:25,NVDA,POSITIVE,0.9775488972663879
564,2024-06-15 04:51:25,NVDA,NEGATIVE,0.9949148893356323
565,2024-06-15 04:51:25,NVDA,POSITIVE,0.9477314352989197
566,2024-06-15 04:51:25,NVDA,NEGATIVE,0.9991266131401062
567,2024-06-15 04:51:25,NVDA,NEGATIVE,0.9814819097518921
568,2024-06-15 04:51:25,NVDA,POSITIVE,0.858393132686615
569,2024-06-15 04:51:25,NVDA,NEGATIVE,0.9897880554199219
570,2024-06-15 04:51:25,NVDA,NEGATIVE,0.9988309741020203
571,2024-06-15 04:51:25,NVDA,NEGATIVE,0.9990758895874023
572,2024-06-15 04:51:25,NVDA,NEGATIVE,0.9992569088935852
573,2024-06-15 04:51:25,NVDA,NEGATIVE,0.9874457120895386
574,2024-06-15 04:51:25,NVDA,NEGATIVE,0.9988677501678467
575,2024-06-15 04:51:25,NVDA,NEGATIVE,0.9453812837600708
576,2024-06-15 04:51:25,NVDA,NEGATIVE,0.9991814494132996
577,2024-06-15 04:51:25,NVDA,NEGATIVE,0.9995881915092468
578,2024-06-15 04:51:25,NVDA,POSITIVE,0.9778895974159241
579,2024-06-15 04:51:25,NVDA,POSITIVE,0.7688361406326294
580,2024-06-15 04:51:25,NVDA,NEGATIVE,0.9689397811889648
581,2024-06-15 04:51:25,NVDA,NEGATIVE,0.9283706545829773
582,2024-06-15 04:51:25,NVDA,POSITIVE,0.7735159397125244
583,2024-06-15 04:51:25,NVDA,POSITIVE,0.8073962330818176
585,2024-06-15 04:51:25,NVDA,POSITIVE,0.9998283386230469
586,2024-06-15 04:51:25,NVDA,POSITIVE,0.9974710941314697
587,2024-06-15 04:51:25,NVDA,POSITIVE,0.8331146240234375
588,2024-06-15 04:51:25,NVDA,NEGATIVE,0.9984112977981567
589,2024-06-15 04:51:25,NVDA,NEGATIVE,0.8762968182563782
590,2024-06-15 04:51:25,NVDA,NEGATIVE,0.8149293661117554
591,2024-06-15 04:51:25,NVDA,NEGATIVE,0.995829164981842
592,2024-06-15 04:51:25,NVDA,NEGATIVE,0.9992233514785767
593,2024-06-15 04:51:25,NVDA,POSITIVE,0.9899030923843384
594,2024-06-15 04:51:25,NVDA,NEGATIVE,0.9974480867385864
595,2024-06-15 04:51:25,NVDA,NEGATIVE,0.9888010025024414
596,2024-06-15 04:51:25,NVDA,NEGATIVE,0.5942206978797913
597,2024-06-15 04:51:25,NVDA,NEGATIVE,0.794694185256958
598,2024-06-15 04:51:25,NVDA,POSITIVE,0.9997711777687073
599,2024-06-15 04:51:25,NVDA,POSITIVE,0.9986369013786316
600,2024-06-15 04:51:25,NVDA,NEGATIVE,0.9984885454177856
601,2024-06-15 04:51:25,NVDA,NEGATIVE,0.9827308058738708
602,2024-06-15 04:51:25,NVDA,NEGATIVE,0.9943631887435913
603,2024-06-15 04:51:25,NVDA,NEGATIVE,0.6970565319061279
604,2024-06-15 04:51:25,NVDA,NEGATIVE,0.989588737487793
605,2024-06-15 04:51:25,NVDA,NEGATIVE,0.9988328814506531
606,2024-06-15 04:51:25,NVDA,NEGATIVE,0.9889527559280396
607,2024-06-15 04:51:25,NVDA,POSITIVE,0.9866037368774414
608,2024-06-15 04:51:25,NVDA,NEGATIVE,0.6970565319061279
609,2024-06-15 04:51:25,NVDA,NEGATIVE,0.9925875067710876
610,2024-06-15 04:51:25,NVDA,NEGATIVE,0.978387713432312
611,2024-06-15 04:51:25,NVDA,NEGATIVE,0.992905855178833
612,2024-06-15 04:51:25,NVDA,NEGATIVE,0.9965716600418091
613,2024-06-15 04:51:25,NVDA,NEGATIVE,0.995319664478302
614,2024-06-15 04:51:25,NVDA,NEGATIVE,0.9879373908042908
615,2024-06-15 04:51:25,NVDA,NEGATIVE,0.8035756349563599
616,2024-06-15 04:51:25,NVDA,POSITIVE,0.9413213729858398
617,2024-06-15 04:51:25,NVDA,NEGATIVE,0.9995021820068359
618,2024-06-15 04:51:25,NVDA,POSITIVE,0.9878908395767212
619,2024-06-15 04:51:25,NVDA,POSITIVE,0.6985454559326172
620,2024-06-15 04:51:25,NVDA,NEGATIVE,0.5409507751464844
622,2024-06-15 04:51:25,NVDA,NEGATIVE,0.9932842254638672
623,2024-06-15 04:51:25,NVDA,NEGATIVE,0.9953586459159851
624,2024-06-15 04:51:25,NVDA,NEGATIVE,0.9972009658813477
625,2024-06-15 04:51:25,NVDA,POSITIVE,0.9998811483383179
626,2024-06-15 04:51:25,NVDA,NEGATIVE,0.9765871167182922
627,2024-06-15 04:51:25,NVDA,NEGATIVE,0.9916468858718872
628,2024-06-15 04:51:25,NVDA,NEGATIVE,0.9995638728141785
629,2024-06-15 04:51:25,NVDA,NEGATIVE,0.9970520734786987
630,2024-06-15 04:51:25,NVDA,NEGATIVE,0.8481149077415466
631,2024-06-15 04:51:25,NVDA,POSITIVE,0.9985349178314209
632,2024-06-15 04:51:25,NVDA,NEGATIVE,0.9786608219146729
633,2024-06-15 04:51:25,NVDA,POSITIVE,0.9896447658538818
634,2024-06-15 04:51:25,NVDA,POSITIVE,0.997946560382843
635,2024-06-15 04:51:25,NVDA,POSITIVE,0.9994175434112549
636,2024-06-15 04:51:25,NVDA,POSITIVE,0.9728903770446777
637,2024-06-15 04:51:25,NVDA,POSITIVE,0.9437277317047119
638,2024-06-15 04:51:25,NVDA,POSITIVE,0.9921727180480957
639,2024-06-15 04:51:25,NVDA,NEGATIVE,0.9995065927505493
640,2024-06-15 04:51:25,NVDA,NEGATIVE,0.998018741607666
641,2024-06-15 04:51:25,NVDA,POSITIVE,0.9987071752548218
642,2024-06-15 04:51:25,NVDA,POSITIVE,0.7594479918479919
643,2024-06-15 04:51:25,NVDA,POSITIVE,0.9787463545799255
644,2024-06-15 04:51:25,NVDA,NEGATIVE,0.9942684173583984
645,2024-06-15 04:51:25,NVDA,NEGATIVE,0.9978470802307129
646,2024-06-15 04:51:25,NVDA,NEGATIVE,0.998986542224884
647,2024-06-15 04:51:25,NVDA,NEGATIVE,0.9993382096290588
648,2024-06-15 04:51:25,NVDA,NEGATIVE,0.9990596175193787
649,2024-06-15 04:51:25,NVDA,NEGATIVE,0.993399977684021
650,2024-06-15 04:51:25,NVDA,POSITIVE,0.6447089910507202
651,2024-06-15 04:51:25,NVDA,NEGATIVE,0.9801418781280518
652,2024-06-15 04:51:25,NVDA,NEGATIVE,0.9960044026374817
653,2024-06-15 04:51:25,NVDA,NEGATIVE,0.9993607401847839
654,2024-06-15 04:51:25,NVDA,NEGATIVE,0.8976423740386963
655,2024-06-15 04:51:25,NVDA,POSITIVE,0.9923908114433289
656,2024-06-15 04:51:25,NVDA,NEGATIVE,0.9995428323745728
657,2024-06-15 04:51:25,NVDA,NEGATIVE,0.9753801822662354
658,2024-06-15 04:51:25,NVDA,POSITIVE,0.9427520632743835
659,2024-06-15 04:51:25,NVDA,POSITIVE,0.9895181059837341
660,2024-06-15 04:51:25,NVDA,NEGATIVE,0.9994603991508484
661,2024-06-15 04:51:25,NVDA,NEGATIVE,0.9959386587142944
662,2024-06-15 04:51:25,NVDA,POSITIVE,0.9980181455612183
663,2024-06-15 04:51:25,NVDA,NEGATIVE,0.9997934699058533
664,2024-06-15 04:51:25,NVDA,POSITIVE,0.9998563528060913
665,2024-06-15 04:51:25,NVDA,NEGATIVE,0.9995319843292236
666,2024-06-15 04:51:25,NVDA,POSITIVE,0.9951565861701965
667,2024-06-15 04:51:25,NVDA,POSITIVE,0.9974474906921387
668,2024-06-15 04:51:25,NVDA,NEGATIVE,0.9960749745368958
669,2024-06-15 04:51:25,NVDA,NEGATIVE,0.9930804371833801
670,2024-06-15 04:51:25,NVDA,POSITIVE,0.9949896931648254
671,2024-06-15 04:51:25,NVDA,NEGATIVE,0.9968221187591553
672,2024-06-15 04:51:25,NVDA,POSITIVE,0.9996206760406494
673,2024-06-15 04:51:25,NVDA,NEGATIVE,0.9994949102401733
674,2024-06-15 04:51:25,NVDA,POSITIVE,0.9976106882095337
675,2024-06-15 04:51:25,NVDA,NEGATIVE,0.9665956497192383
676,2024-06-15 04:51:25,NVDA,NEGATIVE,0.9997702240943909
677,2024-06-15 04:51:25,NVDA,NEGATIVE,0.9991191029548645
678,2024-06-15 04:51:25,NVDA,NEGATIVE,0.9833459854125977
679,2024-06-15 04:51:25,NVDA,NEGATIVE,0.9995500445365906
680,2024-06-15 04:51:25,NVDA,POSITIVE,0.9900966882705688
681,2024-06-15 04:51:25,NVDA,POSITIVE,0.9984044432640076
682,2024-06-15 04:51:25,NVDA,NEGATIVE,0.9912537932395935
683,2024-06-15 04:51:25,NVDA,POSITIVE,0.987476646900177
684,2024-06-15 04:51:25,NVDA,POSITIVE,0.9410905241966248
685,2024-06-15 04:51:25,NVDA,NEGATIVE,0.9965075850486755
686,2024-06-15 04:51:25,NVDA,NEGATIVE,0.9977317452430725
687,2024-06-15 04:51:25,NVDA,POSITIVE,0.9990718364715576
688,2024-06-15 04:51:25,NVDA,NEGATIVE,0.9998019337654114
689,2024-06-15 04:51:25,NVDA,NEGATIVE,0.9986798167228699
690,2024-06-15 04:51:25,NVDA,POSITIVE,0.9994897842407227
691,2024-06-15 04:51:25,NVDA,NEGATIVE,0.9994972944259644
692,2024-06-15 04:51:25,NVDA,NEGATIVE,0.9335547089576721
693,2024-06-15 04:51:25,NVDA,POSITIVE,0.996513307094574
694,2024-06-15 04:51:25,NVDA,NEGATIVE,0.9994359612464905
695,2024-06-15 04:51:25,NVDA,NEGATIVE,0.9985554814338684
696,2024-06-15 04:51:25,NVDA,POSITIVE,0.9460892081260681
697,2024-06-15 04:51:25,NVDA,NEGATIVE,0.982419490814209
698,2024-06-15 04:51:25,NVDA,NEGATIVE,0.9995741248130798
699,2024-06-15 04:51:25,NVDA,NEGATIVE,0.9998030066490173
700,2024-06-15 04:51:25,NVDA,NEGATIVE,0.9970433115959167
701,2024-06-15 04:51:25,NVDA,NEGATIVE,0.9984744191169739
702,2024-06-15 04:51:25,NVDA,NEGATIVE,0.995389461517334
703,2024-06-15 04:51:25,NVDA,NEGATIVE,0.9997562766075134
704,2024-06-15 04:51:25,NVDA,POSITIVE,0.9364774227142334
705,2024-06-15 04:51:25,NVDA,NEGATIVE,0.997565507888794
706,2024-06-15 04:51:25,NVDA,NEGATIVE,0.9997910857200623
707,2024-06-15 04:51:25,NVDA,POSITIVE,0.9965170621871948
