,date,stock,sent,score,comment
0,2024-06-15 04:51:25,NVDA,NEGATIVE,0.9749427437782288,**User Report**| | | | :--|:--|:--|:-- **Total Submissions** | 10 | **First Seen In WSB** | 7 years ago **Total Comments** | 109 | **Previous Best DD** |  **Account Age** | 9 years | |   [**Join WSB Discord**](http://discord.gg/wsbverse)
1,2024-06-15 04:51:25,NVDA,POSITIVE,0.985414743423462,We've hit the singularity
2,2024-06-15 04:51:25,NVDA,POSITIVE,0.854123055934906,NVDA will consume the entire market.
3,2024-06-15 04:51:25,NVDA,NEGATIVE,0.9990925788879396,I just dropped another 15k in NVDA
4,2024-06-15 04:51:25,NVDA,NEGATIVE,0.9996709823608398," I'm sorry gang, this is when it tanks."
5,2024-06-15 04:51:25,NVDA,NEGATIVE,0.9991574287414552,This was the shit I was concerned about
6,2024-06-15 04:51:25,NVDA,NEGATIVE,0.9996981620788574,If it's gonna double again to 6T that liquidity has to get sucked out of they rest of the equity market in a big way
7,2024-06-15 04:51:25,NVDA,NEGATIVE,0.997103750705719,"  We're getting close to the point where the market goes down not *in spite* of NVDA's rise, but as a direct result of NVDA going up."
8,2024-06-15 04:51:25,NVDA,NEGATIVE,0.9995643496513368,I sold calls on nvda and it just keeps fucking going… when the fuck can i stop rolling my calls… it’s stupid…
9,2024-06-15 04:51:25,NVDA,NEGATIVE,0.9542246460914612,"This has literally not dropped because I didn't buy shares or calls, if you guys want it to drop, lemme know I'll buy in."
10,2024-06-15 04:51:25,NVDA,NEGATIVE,0.7444202303886414,Does anyone remember the Nvidia retirement calculator? It was no lie
11,2024-06-15 04:51:25,NVDA,NEGATIVE,0.9942262768745422,More shocked that ABBV is green for a change at EOD 🤣🤣
12,2024-06-15 04:51:25,NVDA,NEGATIVE,0.9819489121437072,Adobe +14?
13,2024-06-15 04:51:25,NVDA,POSITIVE,0.9997958540916444,"I bought at $100 and sold at $400, felt like a brilliant investor."
14,2024-06-15 04:51:25,NVDA,POSITIVE,0.993708610534668,"That’s how they described the titanic , unstoppable"
15,2024-06-15 04:51:25,NVDA,NEGATIVE,0.9988564252853394,I bought puts on Avgo I’m about to quit lmao
16,2024-06-15 04:51:25,NVDA,NEGATIVE,0.9989504814147948,I just exited NVDA today
17,2024-06-15 04:51:25,NVDA,POSITIVE,0.999876856803894,Love the company and stock
18,2024-06-15 04:51:25,NVDA,NEGATIVE,0.9900826811790466,I was even arguing it was actually cheaper than AMD from a forward multiple perspective last month
19,2024-06-15 04:51:25,NVDA,NEGATIVE,0.9963608384132384,So what if stock triples since earnings is also tripling
20,2024-06-15 04:51:25,NVDA,NEGATIVE,0.9752078056335448, I rode it to the post split run-up and bump
21,2024-06-15 04:51:25,NVDA,NEGATIVE,0.9711177945137024,"But now, forward PE has crept up to 50x"
22,2024-06-15 04:51:25,NVDA,POSITIVE,0.9888253808021544,"Maybe it can run to 55… 60x but man, that is a lot of future growth they need to grow into"
23,2024-06-15 04:51:25,NVDA,NEGATIVE,0.9248962998390198, Lot of hate on TSMC but I shifted there today
24,2024-06-15 04:51:25,NVDA,NEGATIVE,0.998867392539978,"If money moves out of NVDA, I suspect it will somewhat land on AI supply chain"
25,2024-06-15 04:51:25,NVDA,POSITIVE,0.9763680696487428,"Plus, TSMC forward PE is only 28x and they release revenue for April and May that are well above Q2 expectations"
26,2024-06-15 04:51:25,NVDA,NEGATIVE,0.977233350276947,I suspect they have some pricing power too
27,2024-06-15 04:51:25,NVDA,NEGATIVE,0.999057948589325," I know, I know… China! But guess what happens to NVDA or even Apple if China attacked Taiwan"
28,2024-06-15 04:51:25,NVDA,NEGATIVE,0.9727994203567504,So same risk there too.
29,2024-06-15 04:51:25,NVDA,NEGATIVE,0.9962292313575744,I'm kicking myself because I literally hovered over AVGO all of yesterday and two days ago
30,2024-06-15 04:51:25,NVDA,NEGATIVE,0.9996377229690552,The calls were just too damn expensive and I couldn't find a good entrance price in case it dipped.
31,2024-06-15 04:51:25,NVDA,NEGATIVE,0.99935382604599,People keep saying it’s the top and wait for a dip but the dip never comes
32,2024-06-15 04:51:25,NVDA,NEGATIVE,0.998744010925293,So people missed out on a 15 dollar move this week hahaha regards
33,2024-06-15 04:51:25,NVDA,POSITIVE,0.9970335960388184,Signs of a top.
34,2024-06-15 04:51:25,NVDA,NEGATIVE,0.9978845715522766,The entire market is sleeping on Google for real.
35,2024-06-15 04:51:25,NVDA,NEGATIVE,0.9623773097991944,Starting to look at taking profits but my cost basis is so low it's hard to be worried
36,2024-06-15 04:51:25,NVDA,NEGATIVE,0.9995505213737488,"I just transferred $15,000 into my Schwab account after seeing this post, going down a NVDA rabbit hole for 20 minutes, and deciding to rip it."
37,2024-06-15 04:51:25,NVDA,NEGATIVE,0.9988172054290771,It would take an earnings miss to really stop NVDA now
38,2024-06-15 04:51:25,NVDA,NEGATIVE,0.9995824694633484,As of yet there's no sign that will happen tho.
39,2024-06-15 04:51:25,NVDA,NEGATIVE,0.9962663054466248,"I know NVDA is outright overpriced right now, but with the looming conference on June 18-21, I'm willing to bet that NVDA will run again next week.    But after next week, we will probably enter a cool down period till around next earning."
40,2024-06-15 04:51:25,NVDA,NEGATIVE,0.8884186744689941,I got December 2026 calls today..
41,2024-06-15 04:51:25,NVDA,POSITIVE,0.9925341606140136,I'm not gonna keep fooling myself
42,2024-06-15 04:51:25,NVDA,NEGATIVE,0.9438177943229676,Lol
43,2024-06-15 04:51:25,NVDA,NEGATIVE,0.97198086977005,Lemmings On lube
44,2024-06-15 04:51:25,NVDA,NEGATIVE,0.9954113364219666,"calls and puts every week, more calls than puts and money will be made until the correction occurs"
45,2024-06-15 04:51:25,NVDA,POSITIVE,0.9997065663337708,When it does occur it will correct in a big way.
46,2024-06-15 04:51:25,NVDA,NEGATIVE,0.9982806444168092,"NVDA is selling the chips, but can anyone speak to the usage of these chips and if those customers are seeing ROI on the chips? Or is the whole market rising on promises?"
47,2024-06-15 04:51:25,NVDA,NEGATIVE,0.9992392063140868,How is ADBE so up after the news of full access requirement to users work?
48,2024-06-15 04:51:25,NVDA,NEGATIVE,0.7994198799133301,I did this with $40k in my Roth and now it’s worth over $100k
49,2024-06-15 04:51:25,NVDA,NEGATIVE,0.9991388320922852,Now I’m kicking myself for not moving my 401k money into a 401k I could have managed myself
50,2024-06-15 04:51:25,NVDA,NEGATIVE,0.9923384189605712,I would totally have taken the same risk.
51,2024-06-15 04:51:25,NVDA,NEGATIVE,0.962080180644989,All jokes aside I have sold pretty much everything in my IRA and bought NVDA all during this year
52,2024-06-15 04:51:25,NVDA,NEGATIVE,0.9632821679115297,I have almost doubled my total balance
53,2024-06-15 04:51:25,NVDA,POSITIVE,0.9983258843421936,  Then I have Calls in my fun account of course
54,2024-06-15 04:51:25,NVDA,NEGATIVE,0.995554268360138,I haven't touched money from my paychecks in months.
55,2024-06-15 04:51:25,NVDA,POSITIVE,0.9998537302017212,LLY looking good
56,2024-06-15 04:51:25,NVDA,NEGATIVE,0.9918368458747864,What app or website do you use to get this view?
57,2024-06-15 04:51:25,NVDA,NEGATIVE,0.9996008276939392,Massive short set up
58,2024-06-15 04:51:25,NVDA,NEGATIVE,0.9984468817710876,Way too frothy at this point
59,2024-06-15 04:51:25,NVDA,NEGATIVE,0.9997209906578064,None of it made sense a while ago.
60,2024-06-15 04:51:25,NVDA,NEGATIVE,0.9429672956466676,“Don’t mind if I fuckin’ do.” — Bobby Peru
61,2024-06-15 04:51:25,NVDA,POSITIVE,0.8228182196617126,The more you buy the more you save
62,2024-06-15 04:51:25,NVDA,NEGATIVE,0.7323029637336731,"Maybe you are very euphoric, the ideal would be to look for some stock in which the market is negative and penalizing but which has good prospects and good fundamentals, just like Nvidia was a few months ago before all this boom with AI, so given these premises which stocks besides nvidia could actually be a good option for this moment?"
63,2024-06-15 04:51:25,NVDA,NEGATIVE,0.9811269640922546,NVDA will take over as the biggest square then evolve to a rectangle and from there become the entire pie.
64,2024-06-15 04:51:25,NVDA,NEGATIVE,0.9977534413337708,conventional wisdom will say that NVDA has to fall soon
65,2024-06-15 04:51:25,NVDA,NEGATIVE,0.9909781217575072, But then I felt that way about bitcoin when it first shot up to $500
66,2024-06-15 04:51:25,NVDA,NEGATIVE,0.9996664524078368, We're living in weird times where a digital currency that has very little functional value is valued at near 70k
67,2024-06-15 04:51:25,NVDA,NEGATIVE,0.955719828605652, I ain't making that same mistake with NVDA this time
68,2024-06-15 04:51:25,NVDA,NEGATIVE,0.998474895954132,All in on 8/16 CALLS!   If NVDA hits 200 in the next 30 days I’ll finally be able to tell my wife’s boyfriend that he can sleep on the couch!
69,2024-06-15 04:51:25,NVDA,POSITIVE,0.9804620742797852,NVDA is the sole supplier of an asset that the most valuable companies in the world want
70,2024-06-15 04:51:25,NVDA,POSITIVE,0.9953306913375854,"  Therefore, NVDA is theoretically undervalued until it is the most valuable company…"
71,2024-06-15 04:51:25,NVDA,POSITIVE,0.998664617538452,Not a bad chart
72,2024-06-15 04:51:25,NVDA,NEGATIVE,0.9893396496772766, https://preview.redd.it/nidau8t20m6d1.png?width=468&format=png&auto=webp&s=6ff9090cea70c740eb9aacc3536b265a5082e329
73,2024-06-15 04:51:25,NVDA,POSITIVE,0.998629093170166,Puts it is
74,2024-06-15 04:51:25,NVDA,POSITIVE,0.9982969164848328,Everyday this reminds me more and more of the .com bubble
75,2024-06-15 04:51:25,NVDA,NEGATIVE,0.9997244477272034,"Personally, I missed the party"
76,2024-06-15 04:51:25,NVDA,NEGATIVE,0.9865937232971193, I'll wait until I see a new invitation
77,2024-06-15 04:51:25,NVDA,POSITIVE,0.5121870040893555, GL
78,2024-06-15 04:51:25,NVDA,POSITIVE,0.6544402837753296,Inverse WSB
79,2024-06-15 04:51:25,NVDA,NEGATIVE,0.9558904767036438,I just hope when the AI bubble pops it doesn't break real AI applications in biotech...
80,2024-06-15 04:51:25,NVDA,POSITIVE,0.9997069239616394,top
81,2024-06-15 04:51:25,NVDA,NEGATIVE,0.9994589686393738,I started it trading but it does not make it better
82,2024-06-15 04:51:25,NVDA,POSITIVE,0.7352240085601807,For now I put nearly all in NVIDIA and intend to keep it
83,2024-06-15 04:51:25,NVDA,NEGATIVE,0.8890269994735718,I will trade different part of money
84,2024-06-15 04:51:25,NVDA,POSITIVE,0.9997766613960266,The greatest financial advice ever! Please take my wife 🤝
85,2024-06-15 04:51:25,NVDA,NEGATIVE,0.9994794726371764,I'm pretty sure NVDA is the only reason my IRA is up
86,2024-06-15 04:51:25,NVDA,POSITIVE,0.986992120742798,This will take a rug pull you will never imagine.
87,2024-06-15 04:51:25,NVDA,POSITIVE,0.99912029504776,Famous last words
88,2024-06-15 04:51:25,NVDA,NEGATIVE,0.9874995350837708,100% you already hold this stock and want it to have a final push before you get out (and retire)
89,2024-06-15 04:51:25,NVDA,NEGATIVE,0.9945861101150512,NVDA’s value is nice but not sustainable in the short term
90,2024-06-15 04:51:25,NVDA,NEGATIVE,0.9670019149780272,It’s fuelled by hype.
91,2024-06-15 04:51:25,NVDA,POSITIVE,0.9238685369491576,"Yeah yeah, stonks only go up right?"
92,2024-06-15 04:51:25,NVDA,POSITIVE,0.9997851252555848,Ok
93,2024-06-15 04:51:25,NVDA,POSITIVE,0.999556601047516,Thanks for the advice
94,2024-06-15 04:51:25,NVDA,NEGATIVE,0.9854314923286438,Nvda to drop
95,2024-06-15 04:51:25,NVDA,NEGATIVE,0.99624902009964,Why? I am the reversal trader
96,2024-06-15 04:51:25,NVDA,NEGATIVE,0.9744442105293274,NVDA is a trend
97,2024-06-15 04:51:25,NVDA,NEGATIVE,0.615980327129364,MSFT is the market
98,2024-06-15 04:51:25,NVDA,POSITIVE,0.9990973472595216,There's the top...
99,2024-06-15 04:51:25,NVDA,POSITIVE,0.9990369081497192,Top is in
100,2024-06-15 04:51:25,NVDA,POSITIVE,0.9997333884239196, Got it.
101,2024-06-15 04:51:25,NVDA,POSITIVE,0.956376612186432,From the comments.
102,2024-06-15 04:51:25,NVDA,NEGATIVE,0.9770824909210204,my next move is puts on NVDA
103,2024-06-15 04:51:25,NVDA,NEGATIVE,0.9996625185012816,"lmfao everyone here is yoloing into NVDA, but if you really pay attention, its the only thing keeping the market up"
104,2024-06-15 04:51:25,NVDA,NEGATIVE,0.9987829327583312,I aint gonna short that shit but goddamn is it eventually going to take the whole fucking market down with it at some point
105,2024-06-15 04:51:25,NVDA,NEGATIVE,0.994765043258667,"I'll ride the ride down when it starts, but this is dangerous yall"
106,2024-06-15 04:51:25,NVDA,NEGATIVE,0.9783586859703064,It's a Buble it's impossible grow 1000% in 1.5 years
107,2024-06-15 04:51:25,NVDA,POSITIVE,0.9797973036766052,"AI is this decade's boom just as smartphones were the last two decades, and pc and internet the two before that"
108,2024-06-15 04:51:25,NVDA,POSITIVE,0.9005276560783386,"NVDA owns 80% of the industry and with their cuda coding being learned by all the techies, they are entrenching their language as THE language"
109,2024-06-15 04:51:25,NVDA,NEGATIVE,0.9994662404060364,Loads of media paid to discredit nvda as those behind media is betting against it
110,2024-06-15 04:51:25,NVDA,POSITIVE,0.995161235332489,Just is a hold for a decade stock that will x10 everything you invest
111,2024-06-15 04:51:25,NVDA,POSITIVE,0.9943110942840576,AI will be in everything and so will NVDA
112,2024-06-15 04:51:25,NVDA,POSITIVE,0.9993112087249756,The top is in
113,2024-06-15 04:51:25,NVDA,NEGATIVE,0.9979065656661988,Pigs fittin to be butt fucked
114,2024-06-15 04:51:25,NVDA,NEGATIVE,0.9993865489959716,Just in time for it to collapse
115,2024-06-15 04:51:25,NVDA,POSITIVE,0.9568451642990112,So basically keep buying
116,2024-06-15 04:51:25,NVDA,POSITIVE,0.7808440923690796,Super spike?
117,2024-06-15 04:51:25,NVDA,NEGATIVE,0.9968332648277284,Stock only goes up.
118,2024-06-15 04:51:25,NVDA,POSITIVE,0.6943033337593079,For anyone afraid of buying
119,2024-06-15 04:51:25,NVDA,NEGATIVE,0.9957851767539978, Don’t buy
120,2024-06-15 04:51:25,NVDA,POSITIVE,0.9527056813240052,  Wait for the turnaround because when it happens it will be epic
121,2024-06-15 04:51:25,NVDA,POSITIVE,0.99501234292984, Make money both ways.
122,2024-06-15 04:51:25,NVDA,NEGATIVE,0.8835157155990601,This is what people said about TSLA 2 years ago.
123,2024-06-15 04:51:25,NVDA,POSITIVE,0.9515035152435304,Nvda is unstoppable
124,2024-06-15 04:51:25,NVDA,NEGATIVE,0.814769446849823,"  Can’t beat em, then just join them"
125,2024-06-15 04:51:25,NVDA,NEGATIVE,0.9996185302734376,Well this didn't age well
126,2024-06-15 04:51:25,NVDA,NEGATIVE,0.99720299243927,I'll have dropped around dropping 250k into NVDA by mid August
127,2024-06-15 04:51:25,NVDA,NEGATIVE,0.9974135756492616,I am not looking at the stock until 2026 and I'm selling by 2028 / 30.
128,2024-06-15 04:51:25,NVDA,NEGATIVE,0.9964459538459778,No
129,2024-06-15 04:51:25,NVDA,NEGATIVE,0.9994906187057496,Dumb money is Nvda
130,2024-06-15 04:51:25,NVDA,NEGATIVE,0.99174702167511,It’s basically a meme stonk at this point
131,2024-06-15 04:51:25,NVDA,POSITIVE,0.5213180780410767,Doesn’t mean it won’t go up to 500$ though.
132,2024-06-15 04:51:25,NVDA,NEGATIVE,0.9743480682373048,NVDA is going to peak in between 140-150$ 
133,2024-06-15 04:51:25,NVDA,POSITIVE,0.9994879961013794,Mark my words.
134,2024-06-15 04:51:25,NVDA,NEGATIVE,0.9996618032455444,The bears are losing everything in puts rn against nvidia
135,2024-06-15 04:51:25,NVDA,NEGATIVE,0.9644122123718262,"It goes up until it's not, regards."
136,2024-06-15 04:51:25,NVDA,NEGATIVE,0.982796311378479,They are round tripping
137,2024-06-15 04:51:25,NVDA,NEGATIVE,0.9571366906166076,It is a bubble
138,2024-06-15 04:51:25,NVDA,NEGATIVE,0.9957335591316224,But its hard to time bubbles so just be cautious with the monster dookie stock
139,2024-06-15 04:51:25,NVDA,NEGATIVE,0.98570454120636,"I mentioned on wsb discord a few months back that nvda was safer than tbills and you would make more, just hold it and don't look at the price"
140,2024-06-15 04:51:25,NVDA,POSITIVE,0.9875920414924622,"Lots made fun of it, more laughs when it tanked from 900s to 760"
141,2024-06-15 04:51:25,NVDA,NEGATIVE,0.9851680994033812,It's up 40-50% now from 2months depending when you bought it.
142,2024-06-15 04:51:25,NVDA,NEGATIVE,0.9834871292114258,"Everyone thought IBM,  AOL, and CSCO were unstoppable too."
143,2024-06-15 04:51:25,NVDA,NEGATIVE,0.9975060820579528,Only if you have a Time Machine
144,2024-06-15 04:51:25,NVDA,POSITIVE,0.9885541796684264,Will soon be a great time to short.
145,2024-06-15 04:51:25,NVDA,NEGATIVE,0.9970756769180298,"I read, on WSB, the same overconfidence in TSLA about 3 years back"
146,2024-06-15 04:51:25,NVDA,NEGATIVE,0.9922043085098268, That blind exuberance will work until it doesn't.
147,2024-06-15 04:51:25,NVDA,NEGATIVE,0.9673396348953248,F it
148,2024-06-15 04:51:25,NVDA,NEGATIVE,0.9843705296516418,All in on NVDA.
149,2024-06-15 04:51:25,NVDA,POSITIVE,0.9976438879966736,Nvidia will be the first 10T company
150,2024-06-15 04:51:25,NVDA,NEGATIVE,0.9583628177642822,if history has taught us anything it is that anything is possible.
151,2024-06-15 04:51:25,NVDA,NEGATIVE,0.997766137123108,"Which will pop first, BitCoin or NVDA?"
152,2024-06-15 04:51:25,NVDA,POSITIVE,0.8603542447090149,There’s no bubble
153,2024-06-15 04:51:25,NVDA,NEGATIVE,0.9989612102508544,"Buy high, sell low!!"
154,2024-06-15 04:51:25,NVDA,NEGATIVE,0.997056007385254,Aren’t they doing the same kind of books as Enron?
155,2024-06-15 04:51:25,NVDA,NEGATIVE,0.9950751662254332,I caused those AVGO and Adobe spikes >:)
156,2024-06-15 04:51:25,NVDA,POSITIVE,0.972947359085083,This what they said about Cisco
157,2024-06-15 04:51:25,NVDA,NEGATIVE,0.999224066734314,You invest in Nvidia because you want to invest in AI but you don’t understand how to invest in AI.
158,2024-06-15 04:51:25,NVDA,POSITIVE,0.9571024775505066,When this AI hype bubble pops it will create some spectacular bagholders.
159,2024-06-15 04:51:25,NVDA,POSITIVE,0.6235882043838501,AMD it is.
160,2024-06-15 04:51:25,NVDA,POSITIVE,0.9941859245300292,Nice joke 🤣
161,2024-06-15 04:51:25,NVDA,NEGATIVE,0.999362289905548,What is this type of chart called and how can I make based on my portfolio?
162,2024-06-15 04:51:25,NVDA,POSITIVE,0.6481277346611023,Well buying daily some drop a few k on it.
163,2024-06-15 04:51:25,NVDA,NEGATIVE,0.9850797057151794,It’s the PCP of the stock market.
164,2024-06-15 04:51:25,NVDA,NEGATIVE,0.9887511134147644,This is why index funds are important 10 stocks are the reason for ATH after ATH of the market
165,2024-06-15 04:51:25,NVDA,NEGATIVE,0.9946017265319824,![img](emote|t5_2th52|4640)
166,2024-06-15 04:51:25,NVDA,NEGATIVE,0.9994269609451294,"What is that website? I used to use it a long time ago, but I forgot the name"
167,2024-06-15 04:51:25,NVDA,NEGATIVE,0.9945489764213562,"I remember the symbol was like fb, and similar to Facebook"
168,2024-06-15 04:51:25,NVDA,POSITIVE,0.9890572428703308,Welp
169,2024-06-15 04:51:25,NVDA,NEGATIVE,0.9957743287086488,Over here just waiting for the pullback..
170,2024-06-15 04:51:25,NVDA,NEGATIVE,0.6970565319061279,💀
171,2024-06-15 04:51:25,NVDA,NEGATIVE,0.9993550181388856,Sold my June 14 $219 calls during the week for a loss
172,2024-06-15 04:51:25,NVDA,POSITIVE,0.5266650319099426,They ended the week up 4x
173,2024-06-15 04:51:25,NVDA,POSITIVE,0.9956300258636476,Lesson learnt.
174,2024-06-15 04:51:25,NVDA,POSITIVE,0.8927429914474487,AAPL is up 12% in two weeks
175,2024-06-15 04:51:25,NVDA,NEGATIVE,0.9454737305641174,AMZN up 22% YTD
176,2024-06-15 04:51:25,NVDA,NEGATIVE,0.9972285628318788,So far I’ve bought a few options a week or two out rolling over after selling each one for a profit
177,2024-06-15 04:51:25,NVDA,POSITIVE,0.9989728927612304,It seems to be a solid strategy with the recent split and more can afford so more can buy
178,2024-06-15 04:51:25,NVDA,NEGATIVE,0.9956732392311096,Got calls for $130/132/133 exp 6/21
179,2024-06-15 04:51:25,NVDA,POSITIVE,0.9909783601760864,All are in the green
180,2024-06-15 04:51:25,NVDA,NEGATIVE,0.9993778467178344,Mid next week I’ll sell and roll over into the following week until this stops paying me
181,2024-06-15 04:51:25,NVDA,POSITIVE,0.999869465827942,It’s a pretty solid bet as there is right now.
182,2024-06-15 04:51:25,NVDA,NEGATIVE,0.998759150505066,Why Is everyone sleeping on Broadcom....
183,2024-06-15 04:51:25,NVDA,POSITIVE,0.999717652797699,He’s not wrong
184,2024-06-15 04:51:25,NVDA,NEGATIVE,0.9991256594657898,What goes up must come down...
185,2024-06-15 04:51:25,NVDA,NEGATIVE,0.996569275856018,What screener is this?
186,2024-06-15 04:51:25,NVDA,NEGATIVE,0.9741827845573424,I closed and invested 80% (kept 20% for gambling like a regard) of my Portfolio at $600 and everyone I know told me I took a huge risk
187,2024-06-15 04:51:25,NVDA,NEGATIVE,0.9980670809745787,  I’ve since doubled my NVDA Long investment and my regard money feels like it is just free gambling cash now while NVDA works away in the background 😀
188,2024-06-15 04:51:25,NVDA,NEGATIVE,0.9756362438201904,Baba ?
189,2024-06-15 04:51:25,NVDA,NEGATIVE,0.993310570716858,"Not NVDA, ai is"
190,2024-06-15 04:51:25,NVDA,NEGATIVE,0.999494194984436,What they are building is at one point probably going to escape their containment box
191,2024-06-15 04:51:25,NVDA,NEGATIVE,0.9996022582054138,They are making a computer TOO smart.
192,2024-06-15 04:51:25,NVDA,NEGATIVE,0.9997377991676332,Is It too late to buy now ?
193,2024-06-15 04:51:25,NVDA,NEGATIVE,0.9988829493522644,What website/software are you using to get this information?
194,2024-06-15 04:51:25,NVDA,NEGATIVE,0.9996353387832642,I have no money but I know if I did I would cause the stock to tank lmfao.
195,2024-06-15 04:51:25,NVDA,NEGATIVE,0.9864343404769896,NAH
196,2024-06-15 04:51:25,NVDA,NEGATIVE,0.9980186223983764,I would roll all that profit straight into Microsoft for the dividends.
197,2024-06-15 04:51:25,NVDA,NEGATIVE,0.9986748695373536,I will wait for the inevitable fall
198,2024-06-15 04:51:25,NVDA,NEGATIVE,0.9790542125701904, But I do feel ill watching since 400 range
199,2024-06-15 04:51:25,NVDA,NEGATIVE,0.9847800731658936,Unstoppable? How’s it gonna do when China takes Taiwan?
200,2024-06-15 04:51:25,NVDA,NEGATIVE,0.9968602657318116,What broker you guys using?
201,2024-06-15 04:51:25,NVDA,NEGATIVE,0.9384891986846924,"NVDA sells all these other regard rectangles you see shovels to dig their profits so surprised much?  edit: also Jensen Muad'Dib Huang said ""The more you buy the more you save"""
202,2024-06-15 04:51:25,NVDA,NEGATIVE,0.9791281819343568,Fall will be haaard
203,2024-06-15 04:51:25,NVDA,NEGATIVE,0.9524576663970948,Sold yesterday =[
204,2024-06-15 04:51:25,NVDA,NEGATIVE,0.9948269724845886,I recognize this NVDA pattern what do you guys think?  https://preview.redd.it/jywxfwlcfq6d1.jpeg?width=1170&format=pjpg&auto=webp&s=f8f4d6eb82194a3e08ba448fd2a0870c8a02753a
205,2024-06-15 04:51:25,NVDA,POSITIVE,0.8109204769134521,Got it: Puts on Nvidia.
206,2024-06-15 04:51:25,NVDA,NEGATIVE,0.9993587136268616,Where did you get this chart?  How was it generated?  Real time?
207,2024-06-15 04:51:25,NVDA,POSITIVE,0.5031331181526184,Nvda is  reminiscent of early Google
208,2024-06-15 04:51:25,NVDA,NEGATIVE,0.9785243272781372,   If you kept buying Google at 100 you made money.
209,2024-06-15 04:51:25,NVDA,NEGATIVE,0.9850739240646362,I am right now independidly financially.
210,2024-06-15 04:51:25,NVDA,NEGATIVE,0.9964229464530944,The fact NVIDIA is almost worth more than MSFT is ridiculous to me.
211,2024-06-15 04:51:25,NVDA,POSITIVE,0.6743530631065369,Time to buy puts i guess….lol im not that stupid
212,2024-06-15 04:51:25,NVDA,POSITIVE,0.9996429681777954,"Silly question, what UI or website is this? This is cool to see everything in one place."
213,2024-06-15 04:51:25,NVDA,NEGATIVE,0.9997732043266296,"Sucks, i thought i was already late in the first peak and did not buy"
214,2024-06-15 04:51:25,NVDA,NEGATIVE,0.9993889331817628,Now waiting for Lam research  and broadcom for their stocks split.
215,2024-06-15 04:51:25,NVDA,NEGATIVE,0.9949722290039062,"Bro, I just started investing this fucking week"
216,2024-06-15 04:51:25,NVDA,NEGATIVE,0.9992515444755554,I dont have the balls to put a lot on NVIDIA because the moment I do its all gonna implode
217,2024-06-15 04:51:25,NVDA,NEGATIVE,0.9985892176628112,This market is such a mind fuck
218,2024-06-15 04:51:25,NVDA,NEGATIVE,0.9754132032394408,My Twitter feed is filled equally with people who are bullish and bearish
219,2024-06-15 04:51:25,NVDA,NEGATIVE,0.9954505562782288,Half calling for years of melt up like 95 and the other half screaming about the breadth divergence
220,2024-06-15 04:51:25,NVDA,NEGATIVE,0.999417781829834," The trend for the indices (ie, nvda, Apple, and Microsoft) is up but then individual stocks like Uber, DKNG, and CRM look terrible"
221,2024-06-15 04:51:25,NVDA,NEGATIVE,0.9996076226234436, I think the story for this market until further notice is no clear correlation between the major indices and the average stock.
222,2024-06-15 04:51:25,NVDA,NEGATIVE,0.9994242191314696,Never selling  https://preview.redd.it/9mb5qxuh4r6d1.jpeg?width=1290&format=pjpg&auto=webp&s=e185445197c1b2db806822383f28e8200a02aa5d
223,2024-06-15 04:51:25,NVDA,NEGATIVE,0.93856942653656,"I had 100 shares I bought back in 7/2021 for $190.56 I now have 1001 shares average of $19.06 and have made 592% returns, I’m wanting to sell some but greed is powerful lol"
224,2024-06-15 04:51:25,NVDA,NEGATIVE,0.9988062381744384,Can you take me higher??!?  NVIDIA is not done yet
225,2024-06-15 04:51:25,NVDA,POSITIVE,0.9968848824501038, Stay tuned folks 🤪🖖🏼⛏️🍻
226,2024-06-15 04:51:25,NVDA,NEGATIVE,0.9966629147529602,"I am short spy, next month expiry and long tlt 2 months out"
227,2024-06-15 04:51:25,NVDA,POSITIVE,0.974112868309021,One of them have to give.
228,2024-06-15 04:51:25,NVDA,NEGATIVE,0.978408932685852,Hmm suspicious amount of attention on this one
229,2024-06-15 04:51:25,NVDA,POSITIVE,0.9991347193717957,Puts it is!
230,2024-06-15 04:51:25,NVDA,POSITIVE,0.999698281288147,Agreed
231,2024-06-15 04:51:25,NVDA,POSITIVE,0.931711971759796,Reminds me of Tesla 2021 but with actual profits
232,2024-06-15 04:51:25,NVDA,NEGATIVE,0.9912208914756776,[https://whatsgoingon.vercel.app](https://whatsgoingon.vercel.app)
233,2024-06-15 04:51:25,NVDA,POSITIVE,0.9963433146476746,"Just follow Pelosi, she has 3 of the top options as the majority of her portfolio."
234,2024-06-15 04:51:25,NVDA,POSITIVE,0.986164927482605,In 2050 there will be two types of people: popes and nvid*IA* rich.
235,2024-06-15 04:51:25,NVDA,NEGATIVE,0.7449774146080017,Agreed!!!  But when it crashes oh boy
236,2024-06-15 04:51:25,NVDA,NEGATIVE,0.9829797744750975,The trick to NVDA is give it some time
237,2024-06-15 04:51:25,NVDA,POSITIVE,0.8077507615089417,Buy when it’s dropping
238,2024-06-15 04:51:25,NVDA,POSITIVE,0.99950909614563,"They listen to out brains...lol Holding to buy, then when I do, it tanks! Love it"
239,2024-06-15 04:51:25,NVDA,POSITIVE,0.6314986348152161,I'm willing to bet it will hit 200 by the end of the year
240,2024-06-15 04:51:25,NVDA,POSITIVE,0.9754720330238342,Do some real research instead of relying on pure speculation
241,2024-06-15 04:51:25,NVDA,NEGATIVE,0.9953480362892152,Otherwise you are just gambling.
242,2024-06-15 04:51:25,NVDA,POSITIVE,0.8968300819396973,LFG!
243,2024-06-15 04:51:25,NVDA,NEGATIVE,0.9600663185119628,"I rode it from $900 to $1150, then sold"
244,2024-06-15 04:51:25,NVDA,NEGATIVE,0.9379868507385254,Made a middle class annual salary in a few weeks
245,2024-06-15 04:51:25,NVDA,NEGATIVE,0.9996045231819152,Thought no way it keeps going because nothing goes up continuously forever?!?! Well I was wrong
246,2024-06-15 04:51:25,NVDA,NEGATIVE,0.978638470172882,Still can’t believe it
247,2024-06-15 04:51:25,NVDA,NEGATIVE,0.9947229623794556,"Want to get back in but of course, that would be the day it reverses."
248,2024-06-15 04:51:25,NVDA,POSITIVE,0.9875946044921876,"Until China eventually invades Taiwan, then the bubble bursts."
249,2024-06-15 04:51:25,NVDA,NEGATIVE,0.9993798732757568,Assimilate or die
250,2024-06-15 04:51:25,NVDA,POSITIVE,0.9483088254928588,LOL!
251,2024-06-15 04:51:25,NVDA,POSITIVE,0.9997805953025818,Yes
252,2024-06-15 04:51:25,NVDA,POSITIVE,0.9694646596908568,Already did
253,2024-06-15 04:51:25,NVDA,NEGATIVE,0.9998231530189514,We R NfuckingVDIA resistence is futile
254,2024-06-15 04:51:25,NVDA,POSITIVE,0.9837821125984192,Top signal
255,2024-06-15 04:51:25,NVDA,NEGATIVE,0.9994669556617736,I'm uncomfortable holding stocks that have price spikes driven by hype
256,2024-06-15 04:51:25,NVDA,NEGATIVE,0.996383547782898,Sold half my NVDA last month
257,2024-06-15 04:51:25,NVDA,POSITIVE,0.999636173248291,Nice 10 bagger
258,2024-06-15 04:51:25,NVDA,NEGATIVE,0.983944058418274,When this stock has a massive price correction I weep for those that went all in.
259,2024-06-15 04:51:25,NVDA,POSITIVE,0.9602402448654176,They said this about Enron
260,2024-06-15 04:51:25,NVDA,POSITIVE,0.5192479491233826,It’s a bubble
261,2024-06-15 04:51:25,NVDA,NEGATIVE,0.9879727363586426,people are gonna be really sad when China moves on Taiwan
262,2024-06-15 04:51:25,NVDA,NEGATIVE,0.9992691874504088,[deleted]
263,2024-06-15 04:51:25,NVDA,NEGATIVE,0.92648446559906,All the politicians are in on NVDA
264,2024-06-15 04:51:25,NVDA,POSITIVE,0.9988871216773988,It's safe until you hear otherwise
265,2024-06-15 04:51:25,NVDA,NEGATIVE,0.9990628361701964,Use a trading simulator to learn why you are buying & selling poorly
266,2024-06-15 04:51:25,NVDA,POSITIVE,0.9968219995498656, I have found ‘Alpha Chart’ to be very helpful to build a habit of consistently wins.
267,2024-06-15 04:51:25,NVDA,POSITIVE,0.9843819737434388,Dont forget $grnd
268,2024-06-15 04:51:25,NVDA,POSITIVE,0.9991833567619324,Idk when the top is but I feel like it's coming.
269,2024-06-15 04:51:25,NVDA,POSITIVE,0.9207028150558472,Lots of insider selling lately….
270,2024-06-15 04:51:25,NVDA,NEGATIVE,0.9997588992118835,Is it too late to buy Nvidia calls or should I buy puts ?
271,2024-06-15 04:51:25,NVDA,NEGATIVE,0.9982001781463624,"I haven’t done my research so tell me, why is NVDA so hot?"
272,2024-06-15 04:51:25,NVDA,POSITIVE,0.999846577644348,Ok I will do this!
273,2024-06-15 04:51:25,NVDA,NEGATIVE,0.9797914624214172,"I told my dad about Nvidia 3 years ago, he left my mom this year and drives a corvette now"
274,2024-06-15 04:51:25,NVDA,NEGATIVE,0.9943437576293944,Dick.
275,2024-06-15 04:51:25,NVDA,NEGATIVE,0.9970880150794984,"For those who think it has gone up too much, too fast, just remember that Abercrombie and Fitch is still outperforming it on the 1Y chart"
276,2024-06-15 04:51:25,NVDA,NEGATIVE,0.999226689338684,There's still more room for it to run.
277,2024-06-15 04:51:25,NVDA,NEGATIVE,0.9981632828712464,whatever goes up must come down
278,2024-06-15 04:51:25,NVDA,NEGATIVE,0.9976661205291748,Remember those SPACs from 2021?
279,2024-06-15 04:51:25,NVDA,POSITIVE,0.8583937287330627,Exactly literally this all I did last year 😭
280,2024-06-15 04:51:25,NVDA,POSITIVE,0.989463210105896,Thats my Investment Plan currently!
281,2024-06-15 04:51:25,NVDA,NEGATIVE,0.9989827275276184,Where does one get a chart like that 📈 📊 and what time range does this represent?
282,2024-06-15 04:51:25,NVDA,NEGATIVE,0.979312539100647,Puts on Nvidia? Bet
283,2024-06-15 04:51:25,NVDA,NEGATIVE,0.9658026099205016,"May be this craziness is signaling top, look at the inside selling!! Insiders leaving the boat 🛥️"
284,2024-06-15 04:51:25,NVDA,NEGATIVE,0.998149275779724,https://preview.redd.it/p8p3kat5e17d1.jpeg?width=1284&format=pjpg&auto=webp&s=b6dc48d58e5c2f125aa93ce196a84e5f9129a776  Not all of it
285,2024-06-15 04:51:25,NVDA,NEGATIVE,0.9683115482330322, Save some for TELL
286,2024-06-15 04:51:25,NVDA,NEGATIVE,0.9711809158325196," If anyone is interested on the next stock that can 10 to 50 X in 2 to 4 years, take a look at TELL"
287,2024-06-15 04:51:25,NVDA,POSITIVE,0.9935855269432068," Tellurian is a company that has had some delays on construction of infrastructure, but if you look who the TOP shareholders are, you will see that they won’t lose"
288,2024-06-15 04:51:25,NVDA,NEGATIVE,0.9956291913986206, It’s only a matter of time for them to finish construction now
289,2024-06-15 04:51:25,NVDA,POSITIVE,0.9936415553092957, It’s an AMERICAN Liquified Natural Gas company
290,2024-06-15 04:51:25,NVDA,POSITIVE,0.9972125887870787,"  Too much to say here, but worth looking into it"
291,2024-06-15 04:51:25,NVDA,NEGATIVE,0.9995915293693542, They aren’t profitable at all and that’s why the stock went from 20 dollars to now 70 Cents
292,2024-06-15 04:51:25,NVDA,POSITIVE,0.6349078416824341,  It will go to 50 Dollars
293,2024-06-15 04:51:25,NVDA,POSITIVE,0.9995027780532836, It’s definitely a company that will trade at a 30 to 50 B market cap
294,2024-06-15 04:51:25,NVDA,POSITIVE,0.9949313998222352, It’s at 700 M right now
295,2024-06-15 04:51:25,NVDA,NEGATIVE,0.984769344329834, It’s like buying invídia 7 years ago and holding until now
296,2024-06-15 04:51:25,NVDA,POSITIVE,0.9997945427894592,   I recommend you guys look into it
297,2024-06-15 04:51:25,NVDA,POSITIVE,0.5003001093864441," Even if they sell the company for infrastructure scraps, it’s worth already 2 to 3Billion at least just in infrastructure , not to mention the permits they were the last ones to get, and ever since Biden took office, no competition has even got close to consider jumping in the market"
298,2024-06-15 04:51:25,NVDA,NEGATIVE,0.9778324961662292, They have only 2 others to compete for the LNG in the US 
299,2024-06-15 04:51:25,NVDA,POSITIVE,0.952490210533142, They are working on a deal to partner up with the Saudis
300,2024-06-15 04:51:25,NVDA,NEGATIVE,0.9631304144859314," If that happens and American realizes it needs to go back to energy independence and export of LNG , TELLURIAN will jump like no other stock"
301,2024-06-15 04:51:25,NVDA,POSITIVE,0.9989147186279296," For real look into it , you won’t regret"
302,2024-06-15 04:51:25,NVDA,NEGATIVE,0.9874476790428162,  I bought 900 K worth of this stock back in December at 0.65
303,2024-06-15 04:51:25,NVDA,NEGATIVE,0.9924984574317932,   I won’t sell it until it hits 20 dollars at least
304,2024-06-15 04:51:25,NVDA,POSITIVE,0.9998676776885986,  Worth your time
305,2024-06-15 04:51:25,NVDA,NEGATIVE,0.9985652565956116, This is the last chance to get in this stock bellow 1 dollar
306,2024-06-15 04:51:25,NVDA,NEGATIVE,0.9447046518325806, Predictions are crazy high  for the next 7 years
307,2024-06-15 04:51:25,NVDA,NEGATIVE,0.994885265827179,"   Like always, criminals in Wall Street love to short stock in companies like this as the cap is low and easy to manipulate, specially when they aren’t profitable yet"
308,2024-06-15 04:51:25,NVDA,POSITIVE,0.9547597765922546,"  However,  they won’t be halting this stock at least for now, since there’s no kitty talking about this stock"
309,2024-06-15 04:51:25,NVDA,NEGATIVE,0.6970565319061279, 😂
310,2024-06-15 04:51:25,NVDA,NEGATIVE,0.9323700666427612,Once the stock starts going towards 2 B the short sellers will jump out of the stock and it will be a long climb up for years guys
311,2024-06-15 04:51:25,NVDA,NEGATIVE,0.944260597229004,"   They will close massive co tracts every year, specially starting early next year when the government will allow for the export of American LNG again"
312,2024-06-15 04:51:25,NVDA,POSITIVE,0.9969321489334106, Spread the word
313,2024-06-15 04:51:25,NVDA,POSITIVE,0.9998472929000854,This is a winner for sure.
314,2024-06-15 04:51:25,NVDA,NEGATIVE,0.9994307160377502,"The price is out of control and investors are also out of control, how much more AI can there be to sell graphic cards."
315,2024-06-15 04:51:25,NVDA,POSITIVE,0.9995744824409484,"Yeah, sure"
316,2024-06-15 04:51:25,NVDA,NEGATIVE,0.97072172164917,Esp for middle age white guys with a mortgage & mouths to feed
317,2024-06-15 04:51:25,NVDA,NEGATIVE,0.9925138354301452,Risk it all.
318,2024-06-15 04:51:25,NVDA,NEGATIVE,0.9702815413475036,Stack calls stack shares NVIDIA is king
319,2024-06-15 04:51:25,NVDA,NEGATIVE,0.7579357624053955,"Adobe is smashing it right now, 14% holy shit"
320,2024-06-15 04:51:25,NVDA,NEGATIVE,0.9995311498641968,"Because of the rebalance taking place on Friday, is it time to sell AAPL and buy more NVDA?"
321,2024-06-15 04:51:25,NVDA,NEGATIVE,0.9992403984069824,"Has no one in this sub watched I, Robot?"
322,2024-06-15 04:51:25,NVDA,NEGATIVE,0.9994736313819884,You must be one of the people who dumped at $140
323,2024-06-15 04:51:25,NVDA,NEGATIVE,0.9974120259284972,I've been putting 380 dollars a month into ndva
324,2024-06-15 04:51:25,NVDA,NEGATIVE,0.7216984033584595,I sold half my 6/28 150 calls and put them into 155c and 160c 6/28 I really really hope this conference on the 18th pushes the stock price
325,2024-06-15 04:51:25,NVDA,NEGATIVE,0.9893250465393066,NYSE is NVDA
326,2024-06-15 04:51:25,NVDA,NEGATIVE,0.9982489347457886,I had 200 NVDA stocks at an average cost of $135
327,2024-06-15 04:51:25,NVDA,NEGATIVE,0.9987308382987976,Sold it at $270 ![gif](emote|free_emotes_pack|cry)
328,2024-06-15 04:51:25,NVDA,NEGATIVE,0.9984859824180604,Till the power goes out or the bigass tech companies can’t afford to pay the electricity bill because of how inefficient they are
329,2024-06-15 04:51:25,NVDA,NEGATIVE,0.992973566055298,Now imagine China attacks Taiwan
330,2024-06-15 04:51:25,NVDA,NEGATIVE,0.9903631806373596,Rip
331,2024-06-15 04:51:25,NVDA,POSITIVE,0.9669430255889891,So puts tomorrow then huh
332,2024-06-15 04:51:25,NVDA,POSITIVE,0.9907925128936768,Buy RYCEY
333,2024-06-15 04:51:25,NVDA,POSITIVE,0.9662752151489258,But Apple said AI is coming!
334,2024-06-15 04:51:25,NVDA,NEGATIVE,0.9667774438858032,You heard it here first! Time to short !
335,2024-06-15 04:51:25,NVDA,NEGATIVE,0.9994696974754332,I think I’m going to short
336,2024-06-15 04:51:25,NVDA,POSITIVE,0.9824950695037842,I’m glad I sold my calls
337,2024-06-15 04:51:25,NVDA,NEGATIVE,0.9996354579925536,"So ur telling me corps are sneaking around dumping their main positions and putting it in nvda, that way it's easier to sell off and stay liquid for this recession coming"
338,2024-06-15 04:51:25,NVDA,POSITIVE,0.965390682220459,AI is capable of many things
339,2024-06-15 04:51:25,NVDA,NEGATIVE,0.992556929588318,Including manipulating the stock market (algo/big money?)
340,2024-06-15 04:51:25,NVDA,NEGATIVE,0.9986271858215332,"What goes up must come down, and nothing lasts forever, anyone can see ."
341,2024-06-15 04:51:25,NVDA,NEGATIVE,0.9995290040969848,"I should've sold yesterday at $130, i feel NVDA is already reached peak and can never go above 130"
342,2024-06-15 04:51:25,NVDA,POSITIVE,0.9950346946716307,I bought in 2010
343,2024-06-15 04:51:25,NVDA,NEGATIVE,0.9827446341514589,My only regret is periodically taking profits
344,2024-06-15 04:51:25,NVDA,POSITIVE,0.9913641214370728,In 2017 I met a guy who worked for the company
345,2024-06-15 04:51:25,NVDA,NEGATIVE,0.9991349577903748,I mentioned I owned some stock and he told me to sell some because it could not possibly continue to grow the way they had been doing.
346,2024-06-15 04:51:25,NVDA,NEGATIVE,0.998922884464264,Too similar to the Tesla hype of 2021
347,2024-06-15 04:51:25,NVDA,NEGATIVE,0.9958059787750244,Which I shorted the fuck out of and got roasted for being in too earlier
348,2024-06-15 04:51:25,NVDA,NEGATIVE,0.999553382396698,I've waited to short Nvidia because of how irrational it is
349,2024-06-15 04:51:25,NVDA,POSITIVE,0.9984176158905028,But RSI never lies
350,2024-06-15 04:51:25,NVDA,POSITIVE,0.9794175028800964,We are near the top at least in the short term
